NMARK= 1
MARKER_TAG= inlet
NROW=618
NCOL=10
# COORD-X               COORD-Y                 COORD-Z                 TEMPERATURE             VELOCITY                NORMAL-X                NORMAL-Y                NORMAL-Z                TKE                     DISSIPATION
-0.036770 	 0.036770 	 -0.520000 	 300.000000 	 0.000000 	 0.000000 	 0.000000 	 1.000000 	 0.316803 	 8078.700000
 0.036770 	 0.036770 	 -0.520000 	 300.000000 	 0.000000 	 0.000000 	 0.000000 	 1.000000 	 0.316803 	 8078.700000
 -0.029416 	 0.029416 	 -0.520000 	 300.000000 	 8.673470 	 0.000000 	 0.000000 	 1.000000 	 0.514441 	 393.060000
 0.029416 	 0.029416 	 -0.520000 	 300.000000 	 8.673470 	 0.000000 	 0.000000 	 1.000000 	 0.514441 	 393.060000
 -0.035299 	 -0.000000 	 -0.520000 	 300.000000 	 9.316090 	 0.000000 	 0.000000 	 1.000000 	 0.439619 	 237.745000
 0.035299 	 -0.000000 	 -0.520000 	 300.000000 	 9.316090 	 0.000000 	 0.000000 	 1.000000 	 0.439619 	 237.745000
 -0.052000 	 0.000000 	 -0.520000 	 300.000000 	 0.000000 	 0.000000 	 0.000000 	 1.000000 	 0.427058 	 4625.630000
 0.052000 	 0.000000 	 -0.520000 	 300.000000 	 0.000000 	 0.000000 	 0.000000 	 1.000000 	 0.427058 	 4625.630000
 -0.002149 	 0.051956 	 -0.520000 	 300.000000 	 0.000000 	 0.000000 	 0.000000 	 1.000000 	 0.457786 	 3256.300000
 0.002149 	 0.051956 	 -0.520000 	 300.000000 	 0.000000 	 0.000000 	 0.000000 	 1.000000 	 0.457786 	 3256.300000
 -0.006432 	 0.051601 	 -0.520000 	 300.000000 	 0.000000 	 0.000000 	 0.000000 	 1.000000 	 0.456453 	 3303.080000
 0.006432 	 0.051601 	 -0.520000 	 300.000000 	 0.000000 	 0.000000 	 0.000000 	 1.000000 	 0.456453 	 3303.080000
 -0.010671 	 0.050893 	 -0.520000 	 300.000000 	 0.000000 	 0.000000 	 0.000000 	 1.000000 	 0.453403 	 3399.700000
 0.010671 	 0.050893 	 -0.520000 	 300.000000 	 0.000000 	 0.000000 	 0.000000 	 1.000000 	 0.453403 	 3399.700000
 -0.014837 	 0.049838 	 -0.520000 	 300.000000 	 0.000000 	 0.000000 	 0.000000 	 1.000000 	 0.448303 	 3554.730000
 0.014837 	 0.049838 	 -0.520000 	 300.000000 	 0.000000 	 0.000000 	 0.000000 	 1.000000 	 0.448303 	 3554.730000
 -0.018902 	 0.048443 	 -0.520000 	 300.000000 	 0.000000 	 0.000000 	 0.000000 	 1.000000 	 0.440595 	 3783.410000
 0.018902 	 0.048443 	 -0.520000 	 300.000000 	 0.000000 	 0.000000 	 0.000000 	 1.000000 	 0.440595 	 3783.410000
 -0.022838 	 0.046716 	 -0.520000 	 300.000000 	 0.000000 	 0.000000 	 0.000000 	 1.000000 	 0.429411 	 4111.680000
 0.022838 	 0.046716 	 -0.520000 	 300.000000 	 0.000000 	 0.000000 	 0.000000 	 1.000000 	 0.429411 	 4111.680000
 -0.026618 	 0.044671 	 -0.520000 	 300.000000 	 0.000000 	 0.000000 	 0.000000 	 1.000000 	 0.413443 	 4584.220000
 0.026618 	 0.044671 	 -0.520000 	 300.000000 	 0.000000 	 0.000000 	 0.000000 	 1.000000 	 0.413443 	 4584.220000
 -0.030216 	 0.042320 	 -0.520000 	 300.000000 	 0.000000 	 0.000000 	 0.000000 	 1.000000 	 0.390786 	 5281.420000
 0.030216 	 0.042320 	 -0.520000 	 300.000000 	 0.000000 	 0.000000 	 0.000000 	 1.000000 	 0.390786 	 5281.420000
 -0.033608 	 0.039680 	 -0.520000 	 300.000000 	 0.000000 	 0.000000 	 0.000000 	 1.000000 	 0.358976 	 6356.460000
 0.033608 	 0.039680 	 -0.520000 	 300.000000 	 0.000000 	 0.000000 	 0.000000 	 1.000000 	 0.358976 	 6356.460000
 -0.030487 	 0.030487 	 -0.520000 	 300.000000 	 8.476510 	 0.000000 	 0.000000 	 1.000000 	 0.529736 	 460.354000
 0.030487 	 0.030487 	 -0.520000 	 300.000000 	 8.476510 	 0.000000 	 0.000000 	 1.000000 	 0.529736 	 460.354000
 -0.031452 	 0.031452 	 -0.520000 	 300.000000 	 8.267110 	 0.000000 	 0.000000 	 1.000000 	 0.544635 	 545.365000
 0.031452 	 0.031452 	 -0.520000 	 300.000000 	 8.267110 	 0.000000 	 0.000000 	 1.000000 	 0.544635 	 545.365000
 -0.032320 	 0.032320 	 -0.520000 	 300.000000 	 8.042440 	 0.000000 	 0.000000 	 1.000000 	 0.558637 	 654.718000
 0.032320 	 0.032320 	 -0.520000 	 300.000000 	 8.042440 	 0.000000 	 0.000000 	 1.000000 	 0.558637 	 654.718000
 -0.033101 	 0.033101 	 -0.520000 	 300.000000 	 7.798260 	 0.000000 	 0.000000 	 1.000000 	 0.571501 	 799.436000
 0.033101 	 0.033101 	 -0.520000 	 300.000000 	 7.798260 	 0.000000 	 0.000000 	 1.000000 	 0.571501 	 799.436000
 -0.033804 	 0.033804 	 -0.520000 	 300.000000 	 7.528010 	 0.000000 	 0.000000 	 1.000000 	 0.583008 	 998.594000
 0.033804 	 0.033804 	 -0.520000 	 300.000000 	 7.528010 	 0.000000 	 0.000000 	 1.000000 	 0.583008 	 998.594000
 -0.034437 	 0.034437 	 -0.520000 	 300.000000 	 7.221170 	 0.000000 	 0.000000 	 1.000000 	 0.592768 	 1287.640000
 0.034437 	 0.034437 	 -0.520000 	 300.000000 	 7.221170 	 0.000000 	 0.000000 	 1.000000 	 0.592768 	 1287.640000
 -0.035007 	 0.035007 	 -0.520000 	 300.000000 	 6.859700 	 0.000000 	 0.000000 	 1.000000 	 0.599830 	 1739.600000
 0.035007 	 0.035007 	 -0.520000 	 300.000000 	 6.859700 	 0.000000 	 0.000000 	 1.000000 	 0.599830 	 1739.600000
 -0.035519 	 0.035519 	 -0.520000 	 300.000000 	 6.409190 	 0.000000 	 0.000000 	 1.000000 	 0.601219 	 2528.100000
 0.035519 	 0.035519 	 -0.520000 	 300.000000 	 6.409190 	 0.000000 	 0.000000 	 1.000000 	 0.601219 	 2528.100000
 -0.035981 	 0.035981 	 -0.520000 	 300.000000 	 5.791750 	 0.000000 	 0.000000 	 1.000000 	 0.583231 	 4157.060000
 0.035981 	 0.035981 	 -0.520000 	 300.000000 	 5.791750 	 0.000000 	 0.000000 	 1.000000 	 0.583231 	 4157.060000
 -0.036396 	 0.036396 	 -0.520000 	 300.000000 	 4.693450 	 0.000000 	 0.000000 	 1.000000 	 0.316050 	 8104.550000
 0.036396 	 0.036396 	 -0.520000 	 300.000000 	 4.693450 	 0.000000 	 0.000000 	 1.000000 	 0.316050 	 8104.550000
 -0.026319 	 0.029416 	 -0.520000 	 300.000000 	 8.902850 	 0.000000 	 0.000000 	 1.000000 	 0.493691 	 327.007000
 0.026319 	 0.029416 	 -0.520000 	 300.000000 	 8.902850 	 0.000000 	 0.000000 	 1.000000 	 0.493691 	 327.007000
 -0.023223 	 0.029416 	 -0.520000 	 300.000000 	 9.081960 	 0.000000 	 0.000000 	 1.000000 	 0.472506 	 281.349000
 0.023223 	 0.029416 	 -0.520000 	 300.000000 	 9.081960 	 0.000000 	 0.000000 	 1.000000 	 0.472506 	 281.349000
 -0.020126 	 0.029416 	 -0.520000 	 300.000000 	 9.224010 	 0.000000 	 0.000000 	 1.000000 	 0.453417 	 248.819000
 0.020126 	 0.029416 	 -0.520000 	 300.000000 	 9.224010 	 0.000000 	 0.000000 	 1.000000 	 0.453417 	 248.819000
 -0.017030 	 0.029416 	 -0.520000 	 300.000000 	 9.336820 	 0.000000 	 0.000000 	 1.000000 	 0.436865 	 225.065000
 0.017030 	 0.029416 	 -0.520000 	 300.000000 	 9.336820 	 0.000000 	 0.000000 	 1.000000 	 0.436865 	 225.065000
 -0.013934 	 0.029416 	 -0.520000 	 300.000000 	 9.425340 	 0.000000 	 0.000000 	 1.000000 	 0.422982 	 207.584000
 0.013934 	 0.029416 	 -0.520000 	 300.000000 	 9.425340 	 0.000000 	 0.000000 	 1.000000 	 0.422982 	 207.584000
 -0.010837 	 0.029416 	 -0.520000 	 300.000000 	 9.492870 	 0.000000 	 0.000000 	 1.000000 	 0.411831 	 194.866000
 0.010837 	 0.029416 	 -0.520000 	 300.000000 	 9.492870 	 0.000000 	 0.000000 	 1.000000 	 0.411831 	 194.866000
 -0.007741 	 0.029416 	 -0.520000 	 300.000000 	 9.541610 	 0.000000 	 0.000000 	 1.000000 	 0.403450 	 185.974000
 0.007741 	 0.029416 	 -0.520000 	 300.000000 	 9.541610 	 0.000000 	 0.000000 	 1.000000 	 0.403450 	 185.974000
 -0.004645 	 0.029416 	 -0.520000 	 300.000000 	 9.573030 	 0.000000 	 0.000000 	 1.000000 	 0.397865 	 180.328000
 0.004645 	 0.029416 	 -0.520000 	 300.000000 	 9.573030 	 0.000000 	 0.000000 	 1.000000 	 0.397865 	 180.328000
 -0.001548 	 0.029416 	 -0.520000 	 300.000000 	 9.588030 	 0.000000 	 0.000000 	 1.000000 	 0.395094 	 177.590000
 0.001548 	 0.029416 	 -0.520000 	 300.000000 	 9.588030 	 0.000000 	 0.000000 	 1.000000 	 0.395094 	 177.590000
 -0.034645 	 0.003268 	 -0.520000 	 300.000000 	 9.342740 	 0.000000 	 0.000000 	 1.000000 	 0.435496 	 231.323000
 0.034645 	 0.003268 	 -0.520000 	 300.000000 	 9.342740 	 0.000000 	 0.000000 	 1.000000 	 0.435496 	 231.323000
 -0.033992 	 0.006537 	 -0.520000 	 300.000000 	 9.346250 	 0.000000 	 0.000000 	 1.000000 	 0.435222 	 229.915000
 0.033992 	 0.006537 	 -0.520000 	 300.000000 	 9.346250 	 0.000000 	 0.000000 	 1.000000 	 0.435222 	 229.915000
 -0.033338 	 0.009805 	 -0.520000 	 300.000000 	 9.328070 	 0.000000 	 0.000000 	 1.000000 	 0.438380 	 233.040000
 0.033338 	 0.009805 	 -0.520000 	 300.000000 	 9.328070 	 0.000000 	 0.000000 	 1.000000 	 0.438380 	 233.040000
 -0.032684 	 0.013074 	 -0.520000 	 300.000000 	 9.288260 	 0.000000 	 0.000000 	 1.000000 	 0.444582 	 240.621000
 0.032684 	 0.013074 	 -0.520000 	 300.000000 	 9.288260 	 0.000000 	 0.000000 	 1.000000 	 0.444582 	 240.621000
 -0.032030 	 0.016342 	 -0.520000 	 300.000000 	 9.225720 	 0.000000 	 0.000000 	 1.000000 	 0.453679 	 253.200000
 0.032030 	 0.016342 	 -0.520000 	 300.000000 	 9.225720 	 0.000000 	 0.000000 	 1.000000 	 0.453679 	 253.200000
 -0.031377 	 0.019610 	 -0.520000 	 300.000000 	 9.138190 	 0.000000 	 0.000000 	 1.000000 	 0.465580 	 271.915000
 0.031377 	 0.019610 	 -0.520000 	 300.000000 	 9.138190 	 0.000000 	 0.000000 	 1.000000 	 0.465580 	 271.915000
 -0.030723 	 0.022879 	 -0.520000 	 300.000000 	 9.021810 	 0.000000 	 0.000000 	 1.000000 	 0.480172 	 298.788000
 0.030723 	 0.022879 	 -0.520000 	 300.000000 	 9.021810 	 0.000000 	 0.000000 	 1.000000 	 0.480172 	 298.788000
 -0.030069 	 0.026147 	 -0.520000 	 300.000000 	 8.870330 	 0.000000 	 0.000000 	 1.000000 	 0.497101 	 337.323000
 0.030069 	 0.026147 	 -0.520000 	 300.000000 	 8.870330 	 0.000000 	 0.000000 	 1.000000 	 0.497101 	 337.323000
 -0.031583 	 0.000000 	 -0.520000 	 300.000000 	 9.545550 	 0.000000 	 0.000000 	 1.000000 	 0.403489 	 192.490000
 0.031583 	 0.000000 	 -0.520000 	 300.000000 	 9.545550 	 0.000000 	 0.000000 	 1.000000 	 0.403489 	 192.490000
 -0.027867 	 0.000000 	 -0.520000 	 300.000000 	 9.727680 	 0.000000 	 0.000000 	 1.000000 	 0.370266 	 160.611000
 0.027867 	 0.000000 	 -0.520000 	 300.000000 	 9.727680 	 0.000000 	 0.000000 	 1.000000 	 0.370266 	 160.611000
 -0.024152 	 0.000000 	 -0.520000 	 300.000000 	 9.873520 	 0.000000 	 0.000000 	 1.000000 	 0.340547 	 137.290000
 0.024152 	 0.000000 	 -0.520000 	 300.000000 	 9.873520 	 0.000000 	 0.000000 	 1.000000 	 0.340547 	 137.290000
 -0.020436 	 0.000000 	 -0.520000 	 300.000000 	 9.990040 	 0.000000 	 0.000000 	 1.000000 	 0.314660 	 119.872000
 0.020436 	 0.000000 	 -0.520000 	 300.000000 	 9.990040 	 0.000000 	 0.000000 	 1.000000 	 0.314660 	 119.872000
 -0.016720 	 0.000000 	 -0.520000 	 300.000000 	 10.081800 	 0.000000 	 0.000000 	 1.000000 	 0.292827 	 106.808000
 0.016720 	 0.000000 	 -0.520000 	 300.000000 	 10.081800 	 0.000000 	 0.000000 	 1.000000 	 0.292827 	 106.808000
 -0.013005 	 0.000000 	 -0.520000 	 300.000000 	 10.151900 	 0.000000 	 0.000000 	 1.000000 	 0.275219 	 97.160200
 0.013005 	 0.000000 	 -0.520000 	 300.000000 	 10.151900 	 0.000000 	 0.000000 	 1.000000 	 0.275219 	 97.160200
 -0.009289 	 0.000000 	 -0.520000 	 300.000000 	 10.202300 	 0.000000 	 0.000000 	 1.000000 	 0.261970 	 90.350600
 0.009289 	 0.000000 	 -0.520000 	 300.000000 	 10.202300 	 0.000000 	 0.000000 	 1.000000 	 0.261970 	 90.350600
 -0.005574 	 0.000000 	 -0.520000 	 300.000000 	 10.234600 	 0.000000 	 0.000000 	 1.000000 	 0.253181 	 86.024600
 0.005574 	 0.000000 	 -0.520000 	 300.000000 	 10.234600 	 0.000000 	 0.000000 	 1.000000 	 0.253181 	 86.024600
 -0.001858 	 0.000000 	 -0.520000 	 300.000000 	 10.249400 	 0.000000 	 0.000000 	 1.000000 	 0.248916 	 83.979500
 0.001858 	 0.000000 	 -0.520000 	 300.000000 	 10.249400 	 0.000000 	 0.000000 	 1.000000 	 0.248916 	 83.979500
 -0.051151 	 0.000000 	 -0.520000 	 300.000000 	 5.561950 	 0.000000 	 0.000000 	 1.000000 	 0.425737 	 4610.520000
 0.051151 	 0.000000 	 -0.520000 	 300.000000 	 5.561950 	 0.000000 	 0.000000 	 1.000000 	 0.425737 	 4610.520000
 -0.050209 	 0.000000 	 -0.520000 	 300.000000 	 6.553610 	 0.000000 	 0.000000 	 1.000000 	 0.604518 	 2421.170000
 0.050209 	 0.000000 	 -0.520000 	 300.000000 	 6.553610 	 0.000000 	 0.000000 	 1.000000 	 0.604518 	 2421.170000
 -0.049161 	 0.000000 	 -0.520000 	 300.000000 	 7.137760 	 0.000000 	 0.000000 	 1.000000 	 0.606066 	 1507.400000
 0.049161 	 0.000000 	 -0.520000 	 300.000000 	 7.137760 	 0.000000 	 0.000000 	 1.000000 	 0.606066 	 1507.400000
 -0.047997 	 0.000000 	 -0.520000 	 300.000000 	 7.569320 	 0.000000 	 0.000000 	 1.000000 	 0.593082 	 1051.260000
 0.047997 	 0.000000 	 -0.520000 	 300.000000 	 7.569320 	 0.000000 	 0.000000 	 1.000000 	 0.593082 	 1051.260000
 -0.046703 	 0.000000 	 -0.520000 	 300.000000 	 7.918110 	 0.000000 	 0.000000 	 1.000000 	 0.576234 	 784.611000
 0.046703 	 0.000000 	 -0.520000 	 300.000000 	 7.918110 	 0.000000 	 0.000000 	 1.000000 	 0.576234 	 784.611000
 -0.045266 	 0.000000 	 -0.520000 	 300.000000 	 8.215330 	 0.000000 	 0.000000 	 1.000000 	 0.557379 	 611.655000
 0.045266 	 0.000000 	 -0.520000 	 300.000000 	 8.215330 	 0.000000 	 0.000000 	 1.000000 	 0.557379 	 611.655000
 -0.043669 	 0.000000 	 -0.520000 	 300.000000 	 8.477430 	 0.000000 	 0.000000 	 1.000000 	 0.536893 	 491.061000
 0.043669 	 0.000000 	 -0.520000 	 300.000000 	 8.477430 	 0.000000 	 0.000000 	 1.000000 	 0.536893 	 491.061000
 -0.041895 	 0.000000 	 -0.520000 	 300.000000 	 8.713840 	 0.000000 	 0.000000 	 1.000000 	 0.514846 	 402.418000
 0.041895 	 0.000000 	 -0.520000 	 300.000000 	 8.713840 	 0.000000 	 0.000000 	 1.000000 	 0.514846 	 402.418000
 -0.039923 	 0.000000 	 -0.520000 	 300.000000 	 8.930320 	 0.000000 	 0.000000 	 1.000000 	 0.491258 	 334.603000
 0.039923 	 0.000000 	 -0.520000 	 300.000000 	 8.930320 	 0.000000 	 0.000000 	 1.000000 	 0.491258 	 334.603000
 -0.037733 	 0.000000 	 -0.520000 	 300.000000 	 9.130380 	 0.000000 	 0.000000 	 1.000000 	 0.466164 	 281.081000
 0.037733 	 0.000000 	 -0.520000 	 300.000000 	 9.130380 	 0.000000 	 0.000000 	 1.000000 	 0.466164 	 281.081000
 -0.039834 	 0.033425 	 -0.520000 	 300.000000 	 0.000000 	 0.000000 	 0.000000 	 1.000000 	 0.350895 	 6627.800000
 0.039834 	 0.033425 	 -0.520000 	 300.000000 	 0.000000 	 0.000000 	 0.000000 	 1.000000 	 0.350895 	 6627.800000
 -0.042596 	 0.029826 	 -0.520000 	 300.000000 	 0.000000 	 0.000000 	 0.000000 	 1.000000 	 0.376908 	 5715.150000
 0.042596 	 0.029826 	 -0.520000 	 300.000000 	 0.000000 	 0.000000 	 0.000000 	 1.000000 	 0.376908 	 5715.150000
 -0.045033 	 0.026000 	 -0.520000 	 300.000000 	 0.000000 	 0.000000 	 0.000000 	 1.000000 	 0.395366 	 5130.960000
 0.045033 	 0.026000 	 -0.520000 	 300.000000 	 0.000000 	 0.000000 	 0.000000 	 1.000000 	 0.395366 	 5130.960000
 -0.047128 	 0.021976 	 -0.520000 	 300.000000 	 0.000000 	 0.000000 	 0.000000 	 1.000000 	 0.408156 	 4754.240000
 0.047128 	 0.021976 	 -0.520000 	 300.000000 	 0.000000 	 0.000000 	 0.000000 	 1.000000 	 0.408156 	 4754.240000
 -0.048864 	 0.017785 	 -0.520000 	 300.000000 	 0.000000 	 0.000000 	 0.000000 	 1.000000 	 0.416707 	 4521.830000
 0.048864 	 0.017785 	 -0.520000 	 300.000000 	 0.000000 	 0.000000 	 0.000000 	 1.000000 	 0.416707 	 4521.830000
 -0.050228 	 0.013459 	 -0.520000 	 300.000000 	 0.000000 	 0.000000 	 0.000000 	 1.000000 	 0.422003 	 4400.680000
 0.050228 	 0.013459 	 -0.520000 	 300.000000 	 0.000000 	 0.000000 	 0.000000 	 1.000000 	 0.422003 	 4400.680000
 -0.051210 	 0.009030 	 -0.520000 	 300.000000 	 0.000000 	 0.000000 	 0.000000 	 1.000000 	 0.424624 	 4374.890000
 0.051210 	 0.009030 	 -0.520000 	 300.000000 	 0.000000 	 0.000000 	 0.000000 	 1.000000 	 0.424624 	 4374.890000
 -0.051802 	 0.004532 	 -0.520000 	 300.000000 	 0.000000 	 0.000000 	 0.000000 	 1.000000 	 0.425024 	 4442.370000
 0.051802 	 0.004532 	 -0.520000 	 300.000000 	 0.000000 	 0.000000 	 0.000000 	 1.000000 	 0.425024 	 4442.370000
 -0.002118 	 0.050810 	 -0.520000 	 300.000000 	 5.876210 	 0.000000 	 0.000000 	 1.000000 	 0.457819 	 3254.670000
 0.002118 	 0.050810 	 -0.520000 	 300.000000 	 5.876210 	 0.000000 	 0.000000 	 1.000000 	 0.457819 	 3254.670000
 -0.002084 	 0.049538 	 -0.520000 	 300.000000 	 6.818940 	 0.000000 	 0.000000 	 1.000000 	 0.599649 	 1737.770000
 0.002084 	 0.049538 	 -0.520000 	 300.000000 	 6.818940 	 0.000000 	 0.000000 	 1.000000 	 0.599649 	 1737.770000
 -0.002047 	 0.048124 	 -0.520000 	 300.000000 	 7.393170 	 0.000000 	 0.000000 	 1.000000 	 0.596667 	 1100.400000
 0.002047 	 0.048124 	 -0.520000 	 300.000000 	 7.393170 	 0.000000 	 0.000000 	 1.000000 	 0.596667 	 1100.400000
 -0.002005 	 0.046553 	 -0.520000 	 300.000000 	 7.823780 	 0.000000 	 0.000000 	 1.000000 	 0.579991 	 776.362000
 0.002005 	 0.046553 	 -0.520000 	 300.000000 	 7.823780 	 0.000000 	 0.000000 	 1.000000 	 0.579991 	 776.362000
 -0.001958 	 0.044807 	 -0.520000 	 300.000000 	 8.175340 	 0.000000 	 0.000000 	 1.000000 	 0.559293 	 583.960000
 0.001958 	 0.044807 	 -0.520000 	 300.000000 	 8.175340 	 0.000000 	 0.000000 	 1.000000 	 0.559293 	 583.960000
 -0.001907 	 0.042867 	 -0.520000 	 300.000000 	 8.476780 	 0.000000 	 0.000000 	 1.000000 	 0.536258 	 457.444000
 0.001907 	 0.042867 	 -0.520000 	 300.000000 	 8.476780 	 0.000000 	 0.000000 	 1.000000 	 0.536258 	 457.444000
 -0.001849 	 0.040712 	 -0.520000 	 300.000000 	 8.743320 	 0.000000 	 0.000000 	 1.000000 	 0.511277 	 368.169000
 0.001849 	 0.040712 	 -0.520000 	 300.000000 	 8.743320 	 0.000000 	 0.000000 	 1.000000 	 0.511277 	 368.169000
 -0.001785 	 0.038317 	 -0.520000 	 300.000000 	 8.983620 	 0.000000 	 0.000000 	 1.000000 	 0.484489 	 301.882000
 0.001785 	 0.038317 	 -0.520000 	 300.000000 	 8.983620 	 0.000000 	 0.000000 	 1.000000 	 0.484489 	 301.882000
 -0.001715 	 0.035657 	 -0.520000 	 300.000000 	 9.202800 	 0.000000 	 0.000000 	 1.000000 	 0.456029 	 250.781000
 0.001715 	 0.035657 	 -0.520000 	 300.000000 	 9.202800 	 0.000000 	 0.000000 	 1.000000 	 0.456029 	 250.781000
 -0.001636 	 0.032701 	 -0.520000 	 300.000000 	 9.403800 	 0.000000 	 0.000000 	 1.000000 	 0.426112 	 210.290000
 0.001636 	 0.032701 	 -0.520000 	 300.000000 	 9.403800 	 0.000000 	 0.000000 	 1.000000 	 0.426112 	 210.290000
 -0.006341 	 0.050473 	 -0.520000 	 300.000000 	 5.861780 	 0.000000 	 0.000000 	 1.000000 	 0.456394 	 3302.390000
 0.006341 	 0.050473 	 -0.520000 	 300.000000 	 5.861780 	 0.000000 	 0.000000 	 1.000000 	 0.456394 	 3302.390000
 -0.006240 	 0.049221 	 -0.520000 	 300.000000 	 6.803840 	 0.000000 	 0.000000 	 1.000000 	 0.598923 	 1761.520000
 0.006240 	 0.049221 	 -0.520000 	 300.000000 	 6.803840 	 0.000000 	 0.000000 	 1.000000 	 0.598923 	 1761.520000
 -0.006128 	 0.047829 	 -0.520000 	 300.000000 	 7.378070 	 0.000000 	 0.000000 	 1.000000 	 0.596555 	 1115.440000
 0.006128 	 0.047829 	 -0.520000 	 300.000000 	 7.378070 	 0.000000 	 0.000000 	 1.000000 	 0.596555 	 1115.440000
 -0.006004 	 0.046283 	 -0.520000 	 300.000000 	 7.808570 	 0.000000 	 0.000000 	 1.000000 	 0.580307 	 786.941000
 0.006004 	 0.046283 	 -0.520000 	 300.000000 	 7.808570 	 0.000000 	 0.000000 	 1.000000 	 0.580307 	 786.941000
 -0.005865 	 0.044565 	 -0.520000 	 300.000000 	 8.159980 	 0.000000 	 0.000000 	 1.000000 	 0.559977 	 591.914000
 0.005865 	 0.044565 	 -0.520000 	 300.000000 	 8.159980 	 0.000000 	 0.000000 	 1.000000 	 0.559977 	 591.914000
 -0.005711 	 0.042655 	 -0.520000 	 300.000000 	 8.461280 	 0.000000 	 0.000000 	 1.000000 	 0.537298 	 463.706000
 0.005711 	 0.042655 	 -0.520000 	 300.000000 	 8.461280 	 0.000000 	 0.000000 	 1.000000 	 0.537298 	 463.706000
 -0.005540 	 0.040534 	 -0.520000 	 300.000000 	 8.727710 	 0.000000 	 0.000000 	 1.000000 	 0.512674 	 373.267000
 0.005540 	 0.040534 	 -0.520000 	 300.000000 	 8.727710 	 0.000000 	 0.000000 	 1.000000 	 0.512674 	 373.267000
 -0.005351 	 0.038177 	 -0.520000 	 300.000000 	 8.967970 	 0.000000 	 0.000000 	 1.000000 	 0.486248 	 306.141000
 0.005351 	 0.038177 	 -0.520000 	 300.000000 	 8.967970 	 0.000000 	 0.000000 	 1.000000 	 0.486248 	 306.141000
 -0.005140 	 0.035558 	 -0.520000 	 300.000000 	 9.187210 	 0.000000 	 0.000000 	 1.000000 	 0.458148 	 254.411000
 0.005140 	 0.035558 	 -0.520000 	 300.000000 	 9.187210 	 0.000000 	 0.000000 	 1.000000 	 0.458148 	 254.411000
 -0.004905 	 0.032649 	 -0.520000 	 300.000000 	 9.388400 	 0.000000 	 0.000000 	 1.000000 	 0.428578 	 213.431000
 0.004905 	 0.032649 	 -0.520000 	 300.000000 	 9.388400 	 0.000000 	 0.000000 	 1.000000 	 0.428578 	 213.431000
 -0.010522 	 0.049802 	 -0.520000 	 300.000000 	 5.830490 	 0.000000 	 0.000000 	 1.000000 	 0.453188 	 3401.120000
 0.010522 	 0.049802 	 -0.520000 	 300.000000 	 5.830490 	 0.000000 	 0.000000 	 1.000000 	 0.453188 	 3401.120000
 -0.010357 	 0.048589 	 -0.520000 	 300.000000 	 6.771700 	 0.000000 	 0.000000 	 1.000000 	 0.597507 	 1811.110000
 0.010357 	 0.048589 	 -0.520000 	 300.000000 	 6.771700 	 0.000000 	 0.000000 	 1.000000 	 0.597507 	 1811.110000
 -0.010173 	 0.047242 	 -0.520000 	 300.000000 	 7.346060 	 0.000000 	 0.000000 	 1.000000 	 0.596383 	 1146.800000
 0.010173 	 0.047242 	 -0.520000 	 300.000000 	 7.346060 	 0.000000 	 0.000000 	 1.000000 	 0.596383 	 1146.800000
 -0.009969 	 0.045745 	 -0.520000 	 300.000000 	 7.776430 	 0.000000 	 0.000000 	 1.000000 	 0.580992 	 808.959000
 0.009969 	 0.045745 	 -0.520000 	 300.000000 	 7.776430 	 0.000000 	 0.000000 	 1.000000 	 0.580992 	 808.959000
 -0.009742 	 0.044082 	 -0.520000 	 300.000000 	 8.127610 	 0.000000 	 0.000000 	 1.000000 	 0.561401 	 608.445000
 0.009742 	 0.044082 	 -0.520000 	 300.000000 	 8.127610 	 0.000000 	 0.000000 	 1.000000 	 0.561401 	 608.445000
 -0.009490 	 0.042233 	 -0.520000 	 300.000000 	 8.428680 	 0.000000 	 0.000000 	 1.000000 	 0.539431 	 476.702000
 0.009490 	 0.042233 	 -0.520000 	 300.000000 	 8.428680 	 0.000000 	 0.000000 	 1.000000 	 0.539431 	 476.702000
 -0.009210 	 0.040180 	 -0.520000 	 300.000000 	 8.694950 	 0.000000 	 0.000000 	 1.000000 	 0.515520 	 383.834000
 0.009210 	 0.040180 	 -0.520000 	 300.000000 	 8.694950 	 0.000000 	 0.000000 	 1.000000 	 0.515520 	 383.834000
 -0.008898 	 0.037898 	 -0.520000 	 300.000000 	 8.935160 	 0.000000 	 0.000000 	 1.000000 	 0.489815 	 314.958000
 0.008898 	 0.037898 	 -0.520000 	 300.000000 	 8.935160 	 0.000000 	 0.000000 	 1.000000 	 0.489815 	 314.958000
 -0.008552 	 0.035363 	 -0.520000 	 300.000000 	 9.154550 	 0.000000 	 0.000000 	 1.000000 	 0.462434 	 261.916000
 0.008552 	 0.035363 	 -0.520000 	 300.000000 	 9.154550 	 0.000000 	 0.000000 	 1.000000 	 0.462434 	 261.916000
 -0.008168 	 0.032546 	 -0.520000 	 300.000000 	 9.356160 	 0.000000 	 0.000000 	 1.000000 	 0.433554 	 219.916000
 0.008168 	 0.032546 	 -0.520000 	 300.000000 	 9.356160 	 0.000000 	 0.000000 	 1.000000 	 0.433554 	 219.916000
 -0.014634 	 0.048801 	 -0.520000 	 300.000000 	 5.780140 	 0.000000 	 0.000000 	 1.000000 	 0.447876 	 3559.390000
 0.014634 	 0.048801 	 -0.520000 	 300.000000 	 5.780140 	 0.000000 	 0.000000 	 1.000000 	 0.447876 	 3559.390000
 -0.014408 	 0.047648 	 -0.520000 	 300.000000 	 6.721290 	 0.000000 	 0.000000 	 1.000000 	 0.595495 	 1891.030000
 0.014408 	 0.047648 	 -0.520000 	 300.000000 	 6.721290 	 0.000000 	 0.000000 	 1.000000 	 0.595495 	 1891.030000
 -0.014157 	 0.046366 	 -0.520000 	 300.000000 	 7.296090 	 0.000000 	 0.000000 	 1.000000 	 0.596182 	 1197.050000
 0.014157 	 0.046366 	 -0.520000 	 300.000000 	 7.296090 	 0.000000 	 0.000000 	 1.000000 	 0.596182 	 1197.050000
 -0.013879 	 0.044943 	 -0.520000 	 300.000000 	 7.726390 	 0.000000 	 0.000000 	 1.000000 	 0.582052 	 844.116000
 0.013879 	 0.044943 	 -0.520000 	 300.000000 	 7.726390 	 0.000000 	 0.000000 	 1.000000 	 0.582052 	 844.116000
 -0.013569 	 0.043361 	 -0.520000 	 300.000000 	 8.077320 	 0.000000 	 0.000000 	 1.000000 	 0.563555 	 634.772000
 0.013569 	 0.043361 	 -0.520000 	 300.000000 	 8.077320 	 0.000000 	 0.000000 	 1.000000 	 0.563555 	 634.772000
 -0.013225 	 0.041604 	 -0.520000 	 300.000000 	 8.378100 	 0.000000 	 0.000000 	 1.000000 	 0.542643 	 497.356000
 0.013225 	 0.041604 	 -0.520000 	 300.000000 	 8.378100 	 0.000000 	 0.000000 	 1.000000 	 0.542643 	 497.356000
 -0.012842 	 0.039651 	 -0.520000 	 300.000000 	 8.644160 	 0.000000 	 0.000000 	 1.000000 	 0.519796 	 400.596000
 0.012842 	 0.039651 	 -0.520000 	 300.000000 	 8.644160 	 0.000000 	 0.000000 	 1.000000 	 0.519796 	 400.596000
 -0.012417 	 0.037481 	 -0.520000 	 300.000000 	 8.884340 	 0.000000 	 0.000000 	 1.000000 	 0.495167 	 328.917000
 0.012417 	 0.037481 	 -0.520000 	 300.000000 	 8.884340 	 0.000000 	 0.000000 	 1.000000 	 0.495167 	 328.917000
 -0.011945 	 0.035070 	 -0.520000 	 300.000000 	 9.103970 	 0.000000 	 0.000000 	 1.000000 	 0.468859 	 273.777000
 0.011945 	 0.035070 	 -0.520000 	 300.000000 	 9.103970 	 0.000000 	 0.000000 	 1.000000 	 0.468859 	 273.777000
 -0.011420 	 0.032392 	 -0.520000 	 300.000000 	 9.306200 	 0.000000 	 0.000000 	 1.000000 	 0.441013 	 230.147000
 0.011420 	 0.032392 	 -0.520000 	 300.000000 	 9.306200 	 0.000000 	 0.000000 	 1.000000 	 0.441013 	 230.147000
 -0.018650 	 0.047476 	 -0.520000 	 300.000000 	 5.707090 	 0.000000 	 0.000000 	 1.000000 	 0.439917 	 3792.300000
 0.018650 	 0.047476 	 -0.520000 	 300.000000 	 5.707090 	 0.000000 	 0.000000 	 1.000000 	 0.439917 	 3792.300000
 -0.018369 	 0.046402 	 -0.520000 	 300.000000 	 6.650570 	 0.000000 	 0.000000 	 1.000000 	 0.593033 	 2009.210000
 0.018369 	 0.046402 	 -0.520000 	 300.000000 	 6.650570 	 0.000000 	 0.000000 	 1.000000 	 0.593033 	 2009.210000
 -0.018058 	 0.045208 	 -0.520000 	 300.000000 	 7.226380 	 0.000000 	 0.000000 	 1.000000 	 0.596003 	 1270.710000
 0.018058 	 0.045208 	 -0.520000 	 300.000000 	 7.226380 	 0.000000 	 0.000000 	 1.000000 	 0.596003 	 1270.710000
 -0.017711 	 0.043882 	 -0.520000 	 300.000000 	 7.656840 	 0.000000 	 0.000000 	 1.000000 	 0.583498 	 895.375000
 0.017711 	 0.043882 	 -0.520000 	 300.000000 	 7.656840 	 0.000000 	 0.000000 	 1.000000 	 0.583498 	 895.375000
 -0.017327 	 0.042408 	 -0.520000 	 300.000000 	 8.007580 	 0.000000 	 0.000000 	 1.000000 	 0.566435 	 673.015000
 0.017327 	 0.042408 	 -0.520000 	 300.000000 	 8.007580 	 0.000000 	 0.000000 	 1.000000 	 0.566435 	 673.015000
 -0.016899 	 0.040771 	 -0.520000 	 300.000000 	 8.308080 	 0.000000 	 0.000000 	 1.000000 	 0.546917 	 527.267000
 0.016899 	 0.040771 	 -0.520000 	 300.000000 	 8.308080 	 0.000000 	 0.000000 	 1.000000 	 0.546917 	 527.267000
 -0.016424 	 0.038952 	 -0.520000 	 300.000000 	 8.573920 	 0.000000 	 0.000000 	 1.000000 	 0.525476 	 424.805000
 0.016424 	 0.038952 	 -0.520000 	 300.000000 	 8.573920 	 0.000000 	 0.000000 	 1.000000 	 0.525476 	 424.805000
 -0.015896 	 0.036930 	 -0.520000 	 300.000000 	 8.814100 	 0.000000 	 0.000000 	 1.000000 	 0.502272 	 349.027000
 0.015896 	 0.036930 	 -0.520000 	 300.000000 	 8.814100 	 0.000000 	 0.000000 	 1.000000 	 0.502272 	 349.027000
 -0.015310 	 0.034684 	 -0.520000 	 300.000000 	 9.034060 	 0.000000 	 0.000000 	 1.000000 	 0.477387 	 290.820000
 0.015310 	 0.034684 	 -0.520000 	 300.000000 	 9.034060 	 0.000000 	 0.000000 	 1.000000 	 0.477387 	 290.820000
 -0.014658 	 0.032189 	 -0.520000 	 300.000000 	 9.237110 	 0.000000 	 0.000000 	 1.000000 	 0.450918 	 244.813000
 0.014658 	 0.032189 	 -0.520000 	 300.000000 	 9.237110 	 0.000000 	 0.000000 	 1.000000 	 0.450918 	 244.813000
 -0.022543 	 0.045837 	 -0.520000 	 300.000000 	 5.605680 	 0.000000 	 0.000000 	 1.000000 	 0.428479 	 4125.370000
 0.022543 	 0.045837 	 -0.520000 	 300.000000 	 5.605680 	 0.000000 	 0.000000 	 1.000000 	 0.428479 	 4125.370000
 -0.022215 	 0.044860 	 -0.520000 	 300.000000 	 6.556320 	 0.000000 	 0.000000 	 1.000000 	 0.590330 	 2179.040000
 0.022215 	 0.044860 	 -0.520000 	 300.000000 	 6.556320 	 0.000000 	 0.000000 	 1.000000 	 0.590330 	 2179.040000
 -0.021851 	 0.043775 	 -0.520000 	 300.000000 	 7.134190 	 0.000000 	 0.000000 	 1.000000 	 0.595924 	 1375.270000
 0.021851 	 0.043775 	 -0.520000 	 300.000000 	 7.134190 	 0.000000 	 0.000000 	 1.000000 	 0.595924 	 1375.270000
 -0.021446 	 0.042569 	 -0.520000 	 300.000000 	 7.565280 	 0.000000 	 0.000000 	 1.000000 	 0.585356 	 967.622000
 0.021446 	 0.042569 	 -0.520000 	 300.000000 	 7.565280 	 0.000000 	 0.000000 	 1.000000 	 0.585356 	 967.622000
 -0.020996 	 0.041229 	 -0.520000 	 300.000000 	 7.916040 	 0.000000 	 0.000000 	 1.000000 	 0.570041 	 726.651000
 0.020996 	 0.041229 	 -0.520000 	 300.000000 	 7.916040 	 0.000000 	 0.000000 	 1.000000 	 0.570041 	 726.651000
 -0.020496 	 0.039741 	 -0.520000 	 300.000000 	 8.216360 	 0.000000 	 0.000000 	 1.000000 	 0.552238 	 569.054000
 0.020496 	 0.039741 	 -0.520000 	 300.000000 	 8.216360 	 0.000000 	 0.000000 	 1.000000 	 0.552238 	 569.054000
 -0.019941 	 0.038086 	 -0.520000 	 300.000000 	 8.482050 	 0.000000 	 0.000000 	 1.000000 	 0.532529 	 458.507000
 0.019941 	 0.038086 	 -0.520000 	 300.000000 	 8.482050 	 0.000000 	 0.000000 	 1.000000 	 0.532529 	 458.507000
 -0.019324 	 0.036248 	 -0.520000 	 300.000000 	 8.722280 	 0.000000 	 0.000000 	 1.000000 	 0.511082 	 376.928000
 0.019324 	 0.036248 	 -0.520000 	 300.000000 	 8.722280 	 0.000000 	 0.000000 	 1.000000 	 0.511082 	 376.928000
 -0.018638 	 0.034206 	 -0.520000 	 300.000000 	 8.942680 	 0.000000 	 0.000000 	 1.000000 	 0.487959 	 314.388000
 0.018638 	 0.034206 	 -0.520000 	 300.000000 	 8.942680 	 0.000000 	 0.000000 	 1.000000 	 0.487959 	 314.388000
 -0.017877 	 0.031937 	 -0.520000 	 300.000000 	 9.146720 	 0.000000 	 0.000000 	 1.000000 	 0.463212 	 265.029000
 0.017877 	 0.031937 	 -0.520000 	 300.000000 	 9.146720 	 0.000000 	 0.000000 	 1.000000 	 0.463212 	 265.029000
 -0.026288 	 0.043896 	 -0.520000 	 300.000000 	 5.467500 	 0.000000 	 0.000000 	 1.000000 	 0.412321 	 4602.400000
 0.026288 	 0.043896 	 -0.520000 	 300.000000 	 5.467500 	 0.000000 	 0.000000 	 1.000000 	 0.412321 	 4602.400000
 -0.025922 	 0.043034 	 -0.520000 	 300.000000 	 6.433570 	 0.000000 	 0.000000 	 1.000000 	 0.587649 	 2423.210000
 0.025922 	 0.043034 	 -0.520000 	 300.000000 	 6.433570 	 0.000000 	 0.000000 	 1.000000 	 0.587649 	 2423.210000
 -0.025514 	 0.042077 	 -0.520000 	 300.000000 	 7.015280 	 0.000000 	 0.000000 	 1.000000 	 0.596059 	 1523.240000
 0.025514 	 0.042077 	 -0.520000 	 300.000000 	 7.015280 	 0.000000 	 0.000000 	 1.000000 	 0.596059 	 1523.240000
 -0.025062 	 0.041014 	 -0.520000 	 300.000000 	 7.447850 	 0.000000 	 0.000000 	 1.000000 	 0.587683 	 1068.940000
 0.025062 	 0.041014 	 -0.520000 	 300.000000 	 7.447850 	 0.000000 	 0.000000 	 1.000000 	 0.587683 	 1068.940000
 -0.024559 	 0.039833 	 -0.520000 	 300.000000 	 7.799110 	 0.000000 	 0.000000 	 1.000000 	 0.574397 	 801.399000
 0.024559 	 0.039833 	 -0.520000 	 300.000000 	 7.799110 	 0.000000 	 0.000000 	 1.000000 	 0.574397 	 801.399000
 -0.024001 	 0.038520 	 -0.520000 	 300.000000 	 8.099510 	 0.000000 	 0.000000 	 1.000000 	 0.558600 	 627.000000
 0.024001 	 0.038520 	 -0.520000 	 300.000000 	 8.099510 	 0.000000 	 0.000000 	 1.000000 	 0.558600 	 627.000000
 -0.023380 	 0.037061 	 -0.520000 	 300.000000 	 8.365220 	 0.000000 	 0.000000 	 1.000000 	 0.540918 	 505.036000
 0.023380 	 0.037061 	 -0.520000 	 300.000000 	 8.365220 	 0.000000 	 0.000000 	 1.000000 	 0.540918 	 505.036000
 -0.022690 	 0.035440 	 -0.520000 	 300.000000 	 8.605650 	 0.000000 	 0.000000 	 1.000000 	 0.521530 	 415.283000
 0.022690 	 0.035440 	 -0.520000 	 300.000000 	 8.605650 	 0.000000 	 0.000000 	 1.000000 	 0.521530 	 415.283000
 -0.021924 	 0.033640 	 -0.520000 	 300.000000 	 8.826630 	 0.000000 	 0.000000 	 1.000000 	 0.500484 	 346.649000
 0.021924 	 0.033640 	 -0.520000 	 300.000000 	 8.826630 	 0.000000 	 0.000000 	 1.000000 	 0.500484 	 346.649000
 -0.021073 	 0.031639 	 -0.520000 	 300.000000 	 9.031810 	 0.000000 	 0.000000 	 1.000000 	 0.477803 	 292.595000
 0.021073 	 0.031639 	 -0.520000 	 300.000000 	 9.031810 	 0.000000 	 0.000000 	 1.000000 	 0.477803 	 292.595000
 -0.029861 	 0.041665 	 -0.520000 	 300.000000 	 5.280250 	 0.000000 	 0.000000 	 1.000000 	 0.389664 	 5301.640000
 0.029861 	 0.041665 	 -0.520000 	 300.000000 	 5.280250 	 0.000000 	 0.000000 	 1.000000 	 0.389664 	 5301.640000
 -0.029466 	 0.040936 	 -0.520000 	 300.000000 	 6.274500 	 0.000000 	 0.000000 	 1.000000 	 0.585226 	 2781.160000
 0.029466 	 0.040936 	 -0.520000 	 300.000000 	 6.274500 	 0.000000 	 0.000000 	 1.000000 	 0.585226 	 2781.160000
 -0.029027 	 0.040126 	 -0.520000 	 300.000000 	 6.863010 	 0.000000 	 0.000000 	 1.000000 	 0.596563 	 1736.100000
 0.029027 	 0.040126 	 -0.520000 	 300.000000 	 6.863010 	 0.000000 	 0.000000 	 1.000000 	 0.596563 	 1736.100000
 -0.028540 	 0.039227 	 -0.520000 	 300.000000 	 7.298590 	 0.000000 	 0.000000 	 1.000000 	 0.590584 	 1213.070000
 0.028540 	 0.039227 	 -0.520000 	 300.000000 	 7.298590 	 0.000000 	 0.000000 	 1.000000 	 0.590584 	 1213.070000
 -0.027998 	 0.038227 	 -0.520000 	 300.000000 	 7.651210 	 0.000000 	 0.000000 	 1.000000 	 0.579567 	 906.934000
 0.027998 	 0.038227 	 -0.520000 	 300.000000 	 7.651210 	 0.000000 	 0.000000 	 1.000000 	 0.579567 	 906.934000
 -0.027396 	 0.037117 	 -0.520000 	 300.000000 	 7.952260 	 0.000000 	 0.000000 	 1.000000 	 0.566006 	 708.318000
 0.027396 	 0.037117 	 -0.520000 	 300.000000 	 7.952260 	 0.000000 	 0.000000 	 1.000000 	 0.566006 	 708.318000
 -0.026728 	 0.035883 	 -0.520000 	 300.000000 	 8.218370 	 0.000000 	 0.000000 	 1.000000 	 0.550568 	 569.971000
 0.026728 	 0.035883 	 -0.520000 	 300.000000 	 8.218370 	 0.000000 	 0.000000 	 1.000000 	 0.550568 	 569.971000
 -0.025985 	 0.034512 	 -0.520000 	 300.000000 	 8.459270 	 0.000000 	 0.000000 	 1.000000 	 0.533460 	 468.520000
 0.025985 	 0.034512 	 -0.520000 	 300.000000 	 8.459270 	 0.000000 	 0.000000 	 1.000000 	 0.533460 	 468.520000
 -0.025159 	 0.032989 	 -0.520000 	 300.000000 	 8.681010 	 0.000000 	 0.000000 	 1.000000 	 0.514753 	 391.196000
 0.025159 	 0.032989 	 -0.520000 	 300.000000 	 8.681010 	 0.000000 	 0.000000 	 1.000000 	 0.514753 	 391.196000
 -0.024242 	 0.031296 	 -0.520000 	 300.000000 	 8.887480 	 0.000000 	 0.000000 	 1.000000 	 0.494481 	 330.487000
 0.024242 	 0.031296 	 -0.520000 	 300.000000 	 8.887480 	 0.000000 	 0.000000 	 1.000000 	 0.494481 	 330.487000
 -0.033237 	 0.039159 	 -0.520000 	 300.000000 	 5.027520 	 0.000000 	 0.000000 	 1.000000 	 0.358226 	 6371.540000
 0.033237 	 0.039159 	 -0.520000 	 300.000000 	 5.027520 	 0.000000 	 0.000000 	 1.000000 	 0.358226 	 6371.540000
 -0.032826 	 0.038579 	 -0.520000 	 300.000000 	 6.066860 	 0.000000 	 0.000000 	 1.000000 	 0.583005 	 3322.970000
 0.032826 	 0.038579 	 -0.520000 	 300.000000 	 6.066860 	 0.000000 	 0.000000 	 1.000000 	 0.583005 	 3322.970000
 -0.032369 	 0.037935 	 -0.520000 	 300.000000 	 6.666830 	 0.000000 	 0.000000 	 1.000000 	 0.597638 	 2051.850000
 0.032369 	 0.037935 	 -0.520000 	 300.000000 	 6.666830 	 0.000000 	 0.000000 	 1.000000 	 0.597638 	 2051.850000
 -0.031860 	 0.037220 	 -0.520000 	 300.000000 	 7.107880 	 0.000000 	 0.000000 	 1.000000 	 0.594294 	 1424.260000
 0.031860 	 0.037220 	 -0.520000 	 300.000000 	 7.107880 	 0.000000 	 0.000000 	 1.000000 	 0.594294 	 1424.260000
 -0.031296 	 0.036425 	 -0.520000 	 300.000000 	 7.463410 	 0.000000 	 0.000000 	 1.000000 	 0.585680 	 1060.230000
 0.031296 	 0.036425 	 -0.520000 	 300.000000 	 7.463410 	 0.000000 	 0.000000 	 1.000000 	 0.585680 	 1060.230000
 -0.030669 	 0.035542 	 -0.520000 	 300.000000 	 7.766180 	 0.000000 	 0.000000 	 1.000000 	 0.574401 	 825.603000
 0.030669 	 0.035542 	 -0.520000 	 300.000000 	 7.766180 	 0.000000 	 0.000000 	 1.000000 	 0.574401 	 825.603000
 -0.029972 	 0.034560 	 -0.520000 	 300.000000 	 8.033450 	 0.000000 	 0.000000 	 1.000000 	 0.561216 	 663.015000
 0.029972 	 0.034560 	 -0.520000 	 300.000000 	 8.033450 	 0.000000 	 0.000000 	 1.000000 	 0.561216 	 663.015000
 -0.029198 	 0.033470 	 -0.520000 	 300.000000 	 8.275340 	 0.000000 	 0.000000 	 1.000000 	 0.546422 	 544.323000
 0.029198 	 0.033470 	 -0.520000 	 300.000000 	 8.275340 	 0.000000 	 0.000000 	 1.000000 	 0.546422 	 544.323000
 -0.028337 	 0.032258 	 -0.520000 	 300.000000 	 8.498130 	 0.000000 	 0.000000 	 1.000000 	 0.530187 	 454.258000
 0.028337 	 0.032258 	 -0.520000 	 300.000000 	 8.498130 	 0.000000 	 0.000000 	 1.000000 	 0.530187 	 454.258000
 -0.027381 	 0.030912 	 -0.520000 	 300.000000 	 8.705880 	 0.000000 	 0.000000 	 1.000000 	 0.512668 	 383.928000
 0.027381 	 0.030912 	 -0.520000 	 300.000000 	 8.705880 	 0.000000 	 0.000000 	 1.000000 	 0.512668 	 383.928000
 -0.001583 	 0.026147 	 -0.520000 	 300.000000 	 9.739390 	 0.000000 	 0.000000 	 1.000000 	 0.366538 	 153.182000
 0.001583 	 0.026147 	 -0.520000 	 300.000000 	 9.739390 	 0.000000 	 0.000000 	 1.000000 	 0.366538 	 153.182000
 -0.004748 	 0.026147 	 -0.520000 	 300.000000 	 9.724910 	 0.000000 	 0.000000 	 1.000000 	 0.369516 	 155.634000
 0.004748 	 0.026147 	 -0.520000 	 300.000000 	 9.724910 	 0.000000 	 0.000000 	 1.000000 	 0.369516 	 155.634000
 -0.007913 	 0.026147 	 -0.520000 	 300.000000 	 9.694490 	 0.000000 	 0.000000 	 1.000000 	 0.375511 	 160.678000
 0.007913 	 0.026147 	 -0.520000 	 300.000000 	 9.694490 	 0.000000 	 0.000000 	 1.000000 	 0.375511 	 160.678000
 -0.011078 	 0.026147 	 -0.520000 	 300.000000 	 9.647310 	 0.000000 	 0.000000 	 1.000000 	 0.384502 	 168.595000
 0.011078 	 0.026147 	 -0.520000 	 300.000000 	 9.647310 	 0.000000 	 0.000000 	 1.000000 	 0.384502 	 168.595000
 -0.014243 	 0.026147 	 -0.520000 	 300.000000 	 9.582050 	 0.000000 	 0.000000 	 1.000000 	 0.396457 	 179.859000
 0.014243 	 0.026147 	 -0.520000 	 300.000000 	 9.582050 	 0.000000 	 0.000000 	 1.000000 	 0.396457 	 179.859000
 -0.017409 	 0.026147 	 -0.520000 	 300.000000 	 9.496720 	 0.000000 	 0.000000 	 1.000000 	 0.411325 	 195.232000
 0.017409 	 0.026147 	 -0.520000 	 300.000000 	 9.496720 	 0.000000 	 0.000000 	 1.000000 	 0.411325 	 195.232000
 -0.020574 	 0.026147 	 -0.520000 	 300.000000 	 9.388380 	 0.000000 	 0.000000 	 1.000000 	 0.429030 	 215.921000
 0.020574 	 0.026147 	 -0.520000 	 300.000000 	 9.388380 	 0.000000 	 0.000000 	 1.000000 	 0.429030 	 215.921000
 -0.023739 	 0.026147 	 -0.520000 	 300.000000 	 9.252700 	 0.000000 	 0.000000 	 1.000000 	 0.449425 	 243.885000
 0.023739 	 0.026147 	 -0.520000 	 300.000000 	 9.252700 	 0.000000 	 0.000000 	 1.000000 	 0.449425 	 243.885000
 -0.026904 	 0.026147 	 -0.520000 	 300.000000 	 9.083130 	 0.000000 	 0.000000 	 1.000000 	 0.472206 	 282.437000
 0.026904 	 0.026147 	 -0.520000 	 300.000000 	 9.083130 	 0.000000 	 0.000000 	 1.000000 	 0.472206 	 282.437000
 -0.001617 	 0.022879 	 -0.520000 	 300.000000 	 9.865270 	 0.000000 	 0.000000 	 1.000000 	 0.340532 	 134.342000
 0.001617 	 0.022879 	 -0.520000 	 300.000000 	 9.865270 	 0.000000 	 0.000000 	 1.000000 	 0.340532 	 134.342000
 -0.004851 	 0.022879 	 -0.520000 	 300.000000 	 9.851110 	 0.000000 	 0.000000 	 1.000000 	 0.343714 	 136.607000
 0.004851 	 0.022879 	 -0.520000 	 300.000000 	 9.851110 	 0.000000 	 0.000000 	 1.000000 	 0.343714 	 136.607000
 -0.008085 	 0.022879 	 -0.520000 	 300.000000 	 9.821280 	 0.000000 	 0.000000 	 1.000000 	 0.350120 	 141.263000
 0.008085 	 0.022879 	 -0.520000 	 300.000000 	 9.821280 	 0.000000 	 0.000000 	 1.000000 	 0.350120 	 141.263000
 -0.011319 	 0.022879 	 -0.520000 	 300.000000 	 9.775020 	 0.000000 	 0.000000 	 1.000000 	 0.359724 	 148.551000
 0.011319 	 0.022879 	 -0.520000 	 300.000000 	 9.775020 	 0.000000 	 0.000000 	 1.000000 	 0.359724 	 148.551000
 -0.014553 	 0.022879 	 -0.520000 	 300.000000 	 9.711090 	 0.000000 	 0.000000 	 1.000000 	 0.372486 	 158.880000
 0.014553 	 0.022879 	 -0.520000 	 300.000000 	 9.711090 	 0.000000 	 0.000000 	 1.000000 	 0.372486 	 158.880000
 -0.017787 	 0.022879 	 -0.520000 	 300.000000 	 9.627630 	 0.000000 	 0.000000 	 1.000000 	 0.388349 	 172.901000
 0.017787 	 0.022879 	 -0.520000 	 300.000000 	 9.627630 	 0.000000 	 0.000000 	 1.000000 	 0.388349 	 172.901000
 -0.021021 	 0.022879 	 -0.520000 	 300.000000 	 9.521940 	 0.000000 	 0.000000 	 1.000000 	 0.407226 	 191.634000
 0.021021 	 0.022879 	 -0.520000 	 300.000000 	 9.521940 	 0.000000 	 0.000000 	 1.000000 	 0.407226 	 191.634000
 -0.024255 	 0.022879 	 -0.520000 	 300.000000 	 9.390080 	 0.000000 	 0.000000 	 1.000000 	 0.428980 	 216.716000
 0.024255 	 0.022879 	 -0.520000 	 300.000000 	 9.390080 	 0.000000 	 0.000000 	 1.000000 	 0.428980 	 216.716000
 -0.027489 	 0.022879 	 -0.520000 	 300.000000 	 9.226190 	 0.000000 	 0.000000 	 1.000000 	 0.453382 	 250.873000
 0.027489 	 0.022879 	 -0.520000 	 300.000000 	 9.226190 	 0.000000 	 0.000000 	 1.000000 	 0.453382 	 250.873000
 -0.001651 	 0.019610 	 -0.520000 	 300.000000 	 9.969620 	 0.000000 	 0.000000 	 1.000000 	 0.317316 	 119.588000
 0.001651 	 0.019610 	 -0.520000 	 300.000000 	 9.969620 	 0.000000 	 0.000000 	 1.000000 	 0.317316 	 119.588000
 -0.004954 	 0.019610 	 -0.520000 	 300.000000 	 9.955640 	 0.000000 	 0.000000 	 1.000000 	 0.320695 	 121.732000
 0.004954 	 0.019610 	 -0.520000 	 300.000000 	 9.955640 	 0.000000 	 0.000000 	 1.000000 	 0.320695 	 121.732000
 -0.008257 	 0.019610 	 -0.520000 	 300.000000 	 9.926100 	 0.000000 	 0.000000 	 1.000000 	 0.327501 	 126.139000
 0.008257 	 0.019610 	 -0.520000 	 300.000000 	 9.926100 	 0.000000 	 0.000000 	 1.000000 	 0.327501 	 126.139000
 -0.011560 	 0.019610 	 -0.520000 	 300.000000 	 9.880250 	 0.000000 	 0.000000 	 1.000000 	 0.337705 	 133.026000
 0.011560 	 0.019610 	 -0.520000 	 300.000000 	 9.880250 	 0.000000 	 0.000000 	 1.000000 	 0.337705 	 133.026000
 -0.014863 	 0.019610 	 -0.520000 	 300.000000 	 9.816910 	 0.000000 	 0.000000 	 1.000000 	 0.351260 	 142.760000
 0.014863 	 0.019610 	 -0.520000 	 300.000000 	 9.816910 	 0.000000 	 0.000000 	 1.000000 	 0.351260 	 142.760000
 -0.018166 	 0.019610 	 -0.520000 	 300.000000 	 9.734290 	 0.000000 	 0.000000 	 1.000000 	 0.368099 	 155.921000
 0.018166 	 0.019610 	 -0.520000 	 300.000000 	 9.734290 	 0.000000 	 0.000000 	 1.000000 	 0.368099 	 155.921000
 -0.021468 	 0.019610 	 -0.520000 	 300.000000 	 9.629830 	 0.000000 	 0.000000 	 1.000000 	 0.388127 	 173.418000
 0.021468 	 0.019610 	 -0.520000 	 300.000000 	 9.629830 	 0.000000 	 0.000000 	 1.000000 	 0.388127 	 173.418000
 -0.024771 	 0.019610 	 -0.520000 	 300.000000 	 9.499790 	 0.000000 	 0.000000 	 1.000000 	 0.411209 	 196.699000
 0.024771 	 0.019610 	 -0.520000 	 300.000000 	 9.499790 	 0.000000 	 0.000000 	 1.000000 	 0.411209 	 196.699000
 -0.028074 	 0.019610 	 -0.520000 	 300.000000 	 9.338610 	 0.000000 	 0.000000 	 1.000000 	 0.437128 	 228.165000
 0.028074 	 0.019610 	 -0.520000 	 300.000000 	 9.338610 	 0.000000 	 0.000000 	 1.000000 	 0.437128 	 228.165000
 -0.001686 	 0.016342 	 -0.520000 	 300.000000 	 10.055200 	 0.000000 	 0.000000 	 1.000000 	 0.297119 	 108.010000
 0.001686 	 0.016342 	 -0.520000 	 300.000000 	 10.055200 	 0.000000 	 0.000000 	 1.000000 	 0.297119 	 108.010000
 -0.005057 	 0.016342 	 -0.520000 	 300.000000 	 10.041300 	 0.000000 	 0.000000 	 1.000000 	 0.300680 	 110.076000
 0.005057 	 0.016342 	 -0.520000 	 300.000000 	 10.041300 	 0.000000 	 0.000000 	 1.000000 	 0.300680 	 110.076000
 -0.008429 	 0.016342 	 -0.520000 	 300.000000 	 10.011800 	 0.000000 	 0.000000 	 1.000000 	 0.307869 	 114.329000
 0.008429 	 0.016342 	 -0.520000 	 300.000000 	 10.011800 	 0.000000 	 0.000000 	 1.000000 	 0.307869 	 114.329000
 -0.011801 	 0.016342 	 -0.520000 	 300.000000 	 9.965930 	 0.000000 	 0.000000 	 1.000000 	 0.318650 	 120.970000
 0.011801 	 0.016342 	 -0.520000 	 300.000000 	 9.965930 	 0.000000 	 0.000000 	 1.000000 	 0.318650 	 120.970000
 -0.015172 	 0.016342 	 -0.520000 	 300.000000 	 9.902610 	 0.000000 	 0.000000 	 1.000000 	 0.332971 	 130.339000
 0.015172 	 0.016342 	 -0.520000 	 300.000000 	 9.902610 	 0.000000 	 0.000000 	 1.000000 	 0.332971 	 130.339000
 -0.018544 	 0.016342 	 -0.520000 	 300.000000 	 9.820040 	 0.000000 	 0.000000 	 1.000000 	 0.350755 	 142.975000
 0.018544 	 0.016342 	 -0.520000 	 300.000000 	 9.820040 	 0.000000 	 0.000000 	 1.000000 	 0.350755 	 142.975000
 -0.021916 	 0.016342 	 -0.520000 	 300.000000 	 9.715710 	 0.000000 	 0.000000 	 1.000000 	 0.371900 	 159.723000
 0.021916 	 0.016342 	 -0.520000 	 300.000000 	 9.715710 	 0.000000 	 0.000000 	 1.000000 	 0.371900 	 159.723000
 -0.025287 	 0.016342 	 -0.520000 	 300.000000 	 9.585950 	 0.000000 	 0.000000 	 1.000000 	 0.396266 	 181.927000
 0.025287 	 0.016342 	 -0.520000 	 300.000000 	 9.585950 	 0.000000 	 0.000000 	 1.000000 	 0.396266 	 181.927000
 -0.028659 	 0.016342 	 -0.520000 	 300.000000 	 9.425310 	 0.000000 	 0.000000 	 1.000000 	 0.423639 	 211.817000
 0.028659 	 0.016342 	 -0.520000 	 300.000000 	 9.425310 	 0.000000 	 0.000000 	 1.000000 	 0.423639 	 211.817000
 -0.001720 	 0.013074 	 -0.520000 	 300.000000 	 10.123800 	 0.000000 	 0.000000 	 1.000000 	 0.280168 	 99.041400
 0.001720 	 0.013074 	 -0.520000 	 300.000000 	 10.123800 	 0.000000 	 0.000000 	 1.000000 	 0.280168 	 99.041400
 -0.005161 	 0.013074 	 -0.520000 	 300.000000 	 10.109900 	 0.000000 	 0.000000 	 1.000000 	 0.283893 	 101.057000
 0.005161 	 0.013074 	 -0.520000 	 300.000000 	 10.109900 	 0.000000 	 0.000000 	 1.000000 	 0.283893 	 101.057000
 -0.008601 	 0.013074 	 -0.520000 	 300.000000 	 10.080200 	 0.000000 	 0.000000 	 1.000000 	 0.291439 	 105.223000
 0.008601 	 0.013074 	 -0.520000 	 300.000000 	 10.080200 	 0.000000 	 0.000000 	 1.000000 	 0.291439 	 105.223000
 -0.012042 	 0.013074 	 -0.520000 	 300.000000 	 10.034100 	 0.000000 	 0.000000 	 1.000000 	 0.302768 	 111.729000
 0.012042 	 0.013074 	 -0.520000 	 300.000000 	 10.034100 	 0.000000 	 0.000000 	 1.000000 	 0.302768 	 111.729000
 -0.015482 	 0.013074 	 -0.520000 	 300.000000 	 9.970290 	 0.000000 	 0.000000 	 1.000000 	 0.317816 	 120.901000
 0.015482 	 0.013074 	 -0.520000 	 300.000000 	 9.970290 	 0.000000 	 0.000000 	 1.000000 	 0.317816 	 120.901000
 -0.018922 	 0.013074 	 -0.520000 	 300.000000 	 9.887120 	 0.000000 	 0.000000 	 1.000000 	 0.336500 	 133.256000
 0.018922 	 0.013074 	 -0.520000 	 300.000000 	 9.887120 	 0.000000 	 0.000000 	 1.000000 	 0.336500 	 133.256000
 -0.022363 	 0.013074 	 -0.520000 	 300.000000 	 9.782010 	 0.000000 	 0.000000 	 1.000000 	 0.358709 	 149.605000
 0.022363 	 0.013074 	 -0.520000 	 300.000000 	 9.782010 	 0.000000 	 0.000000 	 1.000000 	 0.358709 	 149.605000
 -0.025803 	 0.013074 	 -0.520000 	 300.000000 	 9.651300 	 0.000000 	 0.000000 	 1.000000 	 0.384297 	 171.251000
 0.025803 	 0.013074 	 -0.520000 	 300.000000 	 9.651300 	 0.000000 	 0.000000 	 1.000000 	 0.384297 	 171.251000
 -0.029244 	 0.013074 	 -0.520000 	 300.000000 	 9.489470 	 0.000000 	 0.000000 	 1.000000 	 0.413046 	 200.352000
 0.029244 	 0.013074 	 -0.520000 	 300.000000 	 9.489470 	 0.000000 	 0.000000 	 1.000000 	 0.413046 	 200.352000
 -0.001755 	 0.009805 	 -0.520000 	 300.000000 	 10.176700 	 0.000000 	 0.000000 	 1.000000 	 0.266680 	 92.324700
 0.001755 	 0.009805 	 -0.520000 	 300.000000 	 10.176700 	 0.000000 	 0.000000 	 1.000000 	 0.266680 	 92.324700
 -0.005264 	 0.009805 	 -0.520000 	 300.000000 	 10.162800 	 0.000000 	 0.000000 	 1.000000 	 0.270551 	 94.313300
 0.005264 	 0.009805 	 -0.520000 	 300.000000 	 10.162800 	 0.000000 	 0.000000 	 1.000000 	 0.270551 	 94.313300
 -0.008773 	 0.009805 	 -0.520000 	 300.000000 	 10.132800 	 0.000000 	 0.000000 	 1.000000 	 0.278429 	 98.443500
 0.008773 	 0.009805 	 -0.520000 	 300.000000 	 10.132800 	 0.000000 	 0.000000 	 1.000000 	 0.278429 	 98.443500
 -0.012282 	 0.009805 	 -0.520000 	 300.000000 	 10.086000 	 0.000000 	 0.000000 	 1.000000 	 0.290270 	 104.902000
 0.012282 	 0.009805 	 -0.520000 	 300.000000 	 10.086000 	 0.000000 	 0.000000 	 1.000000 	 0.290270 	 104.902000
 -0.015792 	 0.009805 	 -0.520000 	 300.000000 	 10.021400 	 0.000000 	 0.000000 	 1.000000 	 0.306002 	 114.009000
 0.015792 	 0.009805 	 -0.520000 	 300.000000 	 10.021400 	 0.000000 	 0.000000 	 1.000000 	 0.306002 	 114.009000
 -0.019301 	 0.009805 	 -0.520000 	 300.000000 	 9.937000 	 0.000000 	 0.000000 	 1.000000 	 0.325533 	 126.273000
 0.019301 	 0.009805 	 -0.520000 	 300.000000 	 9.937000 	 0.000000 	 0.000000 	 1.000000 	 0.325533 	 126.273000
 -0.022810 	 0.009805 	 -0.520000 	 300.000000 	 9.830320 	 0.000000 	 0.000000 	 1.000000 	 0.348739 	 142.501000
 0.022810 	 0.009805 	 -0.520000 	 300.000000 	 9.830320 	 0.000000 	 0.000000 	 1.000000 	 0.348739 	 142.501000
 -0.026319 	 0.009805 	 -0.520000 	 300.000000 	 9.697560 	 0.000000 	 0.000000 	 1.000000 	 0.375465 	 163.992000
 0.026319 	 0.009805 	 -0.520000 	 300.000000 	 9.697560 	 0.000000 	 0.000000 	 1.000000 	 0.375465 	 163.992000
 -0.029829 	 0.009805 	 -0.520000 	 300.000000 	 9.533040 	 0.000000 	 0.000000 	 1.000000 	 0.405485 	 192.914000
 0.029829 	 0.009805 	 -0.520000 	 300.000000 	 9.533040 	 0.000000 	 0.000000 	 1.000000 	 0.405485 	 192.914000
 -0.001789 	 0.006537 	 -0.520000 	 300.000000 	 10.215000 	 0.000000 	 0.000000 	 1.000000 	 0.256860 	 87.644400
 0.001789 	 0.006537 	 -0.520000 	 300.000000 	 10.215000 	 0.000000 	 0.000000 	 1.000000 	 0.256860 	 87.644400
 -0.005367 	 0.006537 	 -0.520000 	 300.000000 	 10.200800 	 0.000000 	 0.000000 	 1.000000 	 0.260861 	 89.624900
 0.005367 	 0.006537 	 -0.520000 	 300.000000 	 10.200800 	 0.000000 	 0.000000 	 1.000000 	 0.260861 	 89.624900
 -0.008945 	 0.006537 	 -0.520000 	 300.000000 	 10.170300 	 0.000000 	 0.000000 	 1.000000 	 0.269047 	 93.766000
 0.008945 	 0.006537 	 -0.520000 	 300.000000 	 10.170300 	 0.000000 	 0.000000 	 1.000000 	 0.269047 	 93.766000
 -0.012523 	 0.006537 	 -0.520000 	 300.000000 	 10.122700 	 0.000000 	 0.000000 	 1.000000 	 0.281367 	 100.255000
 0.012523 	 0.006537 	 -0.520000 	 300.000000 	 10.122700 	 0.000000 	 0.000000 	 1.000000 	 0.281367 	 100.255000
 -0.016101 	 0.006537 	 -0.520000 	 300.000000 	 10.056800 	 0.000000 	 0.000000 	 1.000000 	 0.297742 	 109.412000
 0.016101 	 0.006537 	 -0.520000 	 300.000000 	 10.056800 	 0.000000 	 0.000000 	 1.000000 	 0.297742 	 109.412000
 -0.019679 	 0.006537 	 -0.520000 	 300.000000 	 9.970600 	 0.000000 	 0.000000 	 1.000000 	 0.318065 	 121.754000
 0.019679 	 0.006537 	 -0.520000 	 300.000000 	 9.970600 	 0.000000 	 0.000000 	 1.000000 	 0.318065 	 121.754000
 -0.023257 	 0.006537 	 -0.520000 	 300.000000 	 9.861560 	 0.000000 	 0.000000 	 1.000000 	 0.342199 	 138.104000
 0.023257 	 0.006537 	 -0.520000 	 300.000000 	 9.861560 	 0.000000 	 0.000000 	 1.000000 	 0.342199 	 138.104000
 -0.026835 	 0.006537 	 -0.520000 	 300.000000 	 9.725690 	 0.000000 	 0.000000 	 1.000000 	 0.369972 	 159.795000
 0.026835 	 0.006537 	 -0.520000 	 300.000000 	 9.725690 	 0.000000 	 0.000000 	 1.000000 	 0.369972 	 159.795000
 -0.030413 	 0.006537 	 -0.520000 	 300.000000 	 9.557020 	 0.000000 	 0.000000 	 1.000000 	 0.401140 	 189.075000
 0.030413 	 0.006537 	 -0.520000 	 300.000000 	 9.557020 	 0.000000 	 0.000000 	 1.000000 	 0.401140 	 189.075000
 -0.001823 	 0.003268 	 -0.520000 	 300.000000 	 10.239100 	 0.000000 	 0.000000 	 1.000000 	 0.250889 	 84.880600
 0.001823 	 0.003268 	 -0.520000 	 300.000000 	 10.239100 	 0.000000 	 0.000000 	 1.000000 	 0.250889 	 84.880600
 -0.005470 	 0.003268 	 -0.520000 	 300.000000 	 10.224700 	 0.000000 	 0.000000 	 1.000000 	 0.255018 	 86.877900
 0.005470 	 0.003268 	 -0.520000 	 300.000000 	 10.224700 	 0.000000 	 0.000000 	 1.000000 	 0.255018 	 86.877900
 -0.009117 	 0.003268 	 -0.520000 	 300.000000 	 10.193500 	 0.000000 	 0.000000 	 1.000000 	 0.263504 	 91.081500
 0.009117 	 0.003268 	 -0.520000 	 300.000000 	 10.193500 	 0.000000 	 0.000000 	 1.000000 	 0.263504 	 91.081500
 -0.012764 	 0.003268 	 -0.520000 	 300.000000 	 10.144600 	 0.000000 	 0.000000 	 1.000000 	 0.276289 	 97.683500
 0.012764 	 0.003268 	 -0.520000 	 300.000000 	 10.144600 	 0.000000 	 0.000000 	 1.000000 	 0.276289 	 97.683500
 -0.016411 	 0.003268 	 -0.520000 	 300.000000 	 10.076900 	 0.000000 	 0.000000 	 1.000000 	 0.293283 	 107.016000
 0.016411 	 0.003268 	 -0.520000 	 300.000000 	 10.076900 	 0.000000 	 0.000000 	 1.000000 	 0.293283 	 107.016000
 -0.020058 	 0.003268 	 -0.520000 	 300.000000 	 9.988320 	 0.000000 	 0.000000 	 1.000000 	 0.314366 	 119.616000
 0.020058 	 0.003268 	 -0.520000 	 300.000000 	 9.988320 	 0.000000 	 0.000000 	 1.000000 	 0.314366 	 119.616000
 -0.023705 	 0.003268 	 -0.520000 	 300.000000 	 9.876070 	 0.000000 	 0.000000 	 1.000000 	 0.339385 	 136.348000
 0.023705 	 0.003268 	 -0.520000 	 300.000000 	 9.876070 	 0.000000 	 0.000000 	 1.000000 	 0.339385 	 136.348000
 -0.027351 	 0.003268 	 -0.520000 	 300.000000 	 9.735930 	 0.000000 	 0.000000 	 1.000000 	 0.368145 	 158.623000
 0.027351 	 0.003268 	 -0.520000 	 300.000000 	 9.735930 	 0.000000 	 0.000000 	 1.000000 	 0.368145 	 158.623000
 -0.030998 	 0.003268 	 -0.520000 	 300.000000 	 9.561540 	 0.000000 	 0.000000 	 1.000000 	 0.400365 	 188.841000
 0.030998 	 0.003268 	 -0.520000 	 300.000000 	 9.561540 	 0.000000 	 0.000000 	 1.000000 	 0.400365 	 188.841000
 -0.037145 	 0.003453 	 -0.520000 	 300.000000 	 9.156150 	 0.000000 	 0.000000 	 1.000000 	 0.462628 	 273.713000
 0.037145 	 0.003453 	 -0.520000 	 300.000000 	 9.156150 	 0.000000 	 0.000000 	 1.000000 	 0.462628 	 273.713000
 -0.039396 	 0.003618 	 -0.520000 	 300.000000 	 8.954600 	 0.000000 	 0.000000 	 1.000000 	 0.488460 	 326.249000
 0.039396 	 0.003618 	 -0.520000 	 300.000000 	 8.954600 	 0.000000 	 0.000000 	 1.000000 	 0.488460 	 326.249000
 -0.041421 	 0.003767 	 -0.520000 	 300.000000 	 8.736000 	 0.000000 	 0.000000 	 1.000000 	 0.512861 	 392.882000
 0.041421 	 0.003767 	 -0.520000 	 300.000000 	 8.736000 	 0.000000 	 0.000000 	 1.000000 	 0.512861 	 392.882000
 -0.043244 	 0.003902 	 -0.520000 	 300.000000 	 8.496790 	 0.000000 	 0.000000 	 1.000000 	 0.535761 	 479.974000
 0.043244 	 0.003902 	 -0.520000 	 300.000000 	 8.496790 	 0.000000 	 0.000000 	 1.000000 	 0.535761 	 479.974000
 -0.044884 	 0.004023 	 -0.520000 	 300.000000 	 8.231190 	 0.000000 	 0.000000 	 1.000000 	 0.557091 	 598.300000
 0.044884 	 0.004023 	 -0.520000 	 300.000000 	 8.231190 	 0.000000 	 0.000000 	 1.000000 	 0.557091 	 598.300000
 -0.046361 	 0.004131 	 -0.520000 	 300.000000 	 7.929760 	 0.000000 	 0.000000 	 1.000000 	 0.576675 	 767.502000
 0.046361 	 0.004131 	 -0.520000 	 300.000000 	 7.929760 	 0.000000 	 0.000000 	 1.000000 	 0.576675 	 767.502000
 -0.047690 	 0.004229 	 -0.520000 	 300.000000 	 7.576230 	 0.000000 	 0.000000 	 1.000000 	 0.593940 	 1027.130000
 0.047690 	 0.004229 	 -0.520000 	 300.000000 	 7.576230 	 0.000000 	 0.000000 	 1.000000 	 0.593940 	 1027.130000
 -0.048885 	 0.004317 	 -0.520000 	 300.000000 	 7.139900 	 0.000000 	 0.000000 	 1.000000 	 0.606719 	 1468.490000
 0.048885 	 0.004317 	 -0.520000 	 300.000000 	 7.139900 	 0.000000 	 0.000000 	 1.000000 	 0.606719 	 1468.490000
 -0.049962 	 0.004397 	 -0.520000 	 300.000000 	 6.552170 	 0.000000 	 0.000000 	 1.000000 	 0.603787 	 2346.480000
 0.049962 	 0.004397 	 -0.520000 	 300.000000 	 6.552170 	 0.000000 	 0.000000 	 1.000000 	 0.603787 	 2346.480000
 -0.050930 	 0.004468 	 -0.520000 	 300.000000 	 5.562010 	 0.000000 	 0.000000 	 1.000000 	 0.424569 	 4433.500000
 0.050930 	 0.004468 	 -0.520000 	 300.000000 	 5.562010 	 0.000000 	 0.000000 	 1.000000 	 0.424569 	 4433.500000
 -0.036501 	 0.006900 	 -0.520000 	 300.000000 	 9.158350 	 0.000000 	 0.000000 	 1.000000 	 0.462589 	 272.122000
 0.036501 	 0.006900 	 -0.520000 	 300.000000 	 9.158350 	 0.000000 	 0.000000 	 1.000000 	 0.462589 	 272.122000
 -0.038759 	 0.007227 	 -0.520000 	 300.000000 	 8.955280 	 0.000000 	 0.000000 	 1.000000 	 0.488660 	 324.431000
 0.038759 	 0.007227 	 -0.520000 	 300.000000 	 8.955280 	 0.000000 	 0.000000 	 1.000000 	 0.488660 	 324.431000
 -0.040792 	 0.007521 	 -0.520000 	 300.000000 	 8.735010 	 0.000000 	 0.000000 	 1.000000 	 0.513239 	 390.688000
 0.040792 	 0.007521 	 -0.520000 	 300.000000 	 8.735010 	 0.000000 	 0.000000 	 1.000000 	 0.513239 	 390.688000
 -0.042621 	 0.007786 	 -0.520000 	 300.000000 	 8.494070 	 0.000000 	 0.000000 	 1.000000 	 0.536188 	 477.086000
 0.042621 	 0.007786 	 -0.520000 	 300.000000 	 8.494070 	 0.000000 	 0.000000 	 1.000000 	 0.536188 	 477.086000
 -0.044267 	 0.008025 	 -0.520000 	 300.000000 	 8.226840 	 0.000000 	 0.000000 	 1.000000 	 0.557365 	 594.128000
 0.044267 	 0.008025 	 -0.520000 	 300.000000 	 8.226840 	 0.000000 	 0.000000 	 1.000000 	 0.557365 	 594.128000
 -0.045749 	 0.008239 	 -0.520000 	 300.000000 	 7.924100 	 0.000000 	 0.000000 	 1.000000 	 0.576539 	 761.010000
 0.045749 	 0.008239 	 -0.520000 	 300.000000 	 7.924100 	 0.000000 	 0.000000 	 1.000000 	 0.576539 	 761.010000
 -0.047083 	 0.008432 	 -0.520000 	 300.000000 	 7.569870 	 0.000000 	 0.000000 	 1.000000 	 0.593118 	 1016.490000
 0.047083 	 0.008432 	 -0.520000 	 300.000000 	 7.569870 	 0.000000 	 0.000000 	 1.000000 	 0.593118 	 1016.490000
 -0.048283 	 0.008606 	 -0.520000 	 300.000000 	 7.133790 	 0.000000 	 0.000000 	 1.000000 	 0.604987 	 1450.240000
 0.048283 	 0.008606 	 -0.520000 	 300.000000 	 7.133790 	 0.000000 	 0.000000 	 1.000000 	 0.604987 	 1450.240000
 -0.049363 	 0.008762 	 -0.520000 	 300.000000 	 6.547730 	 0.000000 	 0.000000 	 1.000000 	 0.601142 	 2312.810000
 0.049363 	 0.008762 	 -0.520000 	 300.000000 	 6.547730 	 0.000000 	 0.000000 	 1.000000 	 0.601142 	 2312.810000
 -0.050335 	 0.008903 	 -0.520000 	 300.000000 	 5.563570 	 0.000000 	 0.000000 	 1.000000 	 0.424343 	 4369.140000
 0.050335 	 0.008903 	 -0.520000 	 300.000000 	 5.563570 	 0.000000 	 0.000000 	 1.000000 	 0.424343 	 4369.140000
 -0.035799 	 0.010338 	 -0.520000 	 300.000000 	 9.138800 	 0.000000 	 0.000000 	 1.000000 	 0.465522 	 275.686000
 0.035799 	 0.010338 	 -0.520000 	 300.000000 	 9.138800 	 0.000000 	 0.000000 	 1.000000 	 0.465522 	 275.686000
 -0.038015 	 0.010817 	 -0.520000 	 300.000000 	 8.934510 	 0.000000 	 0.000000 	 1.000000 	 0.491259 	 328.458000
 0.038015 	 0.010817 	 -0.520000 	 300.000000 	 8.934510 	 0.000000 	 0.000000 	 1.000000 	 0.491259 	 328.458000
 -0.040008 	 0.011248 	 -0.520000 	 300.000000 	 8.713190 	 0.000000 	 0.000000 	 1.000000 	 0.515391 	 395.211000
 0.040008 	 0.011248 	 -0.520000 	 300.000000 	 8.713190 	 0.000000 	 0.000000 	 1.000000 	 0.515391 	 395.211000
 -0.041803 	 0.011636 	 -0.520000 	 300.000000 	 8.471420 	 0.000000 	 0.000000 	 1.000000 	 0.537771 	 482.138000
 0.041803 	 0.011636 	 -0.520000 	 300.000000 	 8.471420 	 0.000000 	 0.000000 	 1.000000 	 0.537771 	 482.138000
 -0.043418 	 0.011985 	 -0.520000 	 300.000000 	 8.203630 	 0.000000 	 0.000000 	 1.000000 	 0.558264 	 599.780000
 0.043418 	 0.011985 	 -0.520000 	 300.000000 	 8.203630 	 0.000000 	 0.000000 	 1.000000 	 0.558264 	 599.780000
 -0.044871 	 0.012300 	 -0.520000 	 300.000000 	 7.900650 	 0.000000 	 0.000000 	 1.000000 	 0.576667 	 767.436000
 0.044871 	 0.012300 	 -0.520000 	 300.000000 	 7.900650 	 0.000000 	 0.000000 	 1.000000 	 0.576667 	 767.436000
 -0.046179 	 0.012583 	 -0.520000 	 300.000000 	 7.546520 	 0.000000 	 0.000000 	 1.000000 	 0.592429 	 1024.110000
 0.046179 	 0.012583 	 -0.520000 	 300.000000 	 7.546520 	 0.000000 	 0.000000 	 1.000000 	 0.592429 	 1024.110000
 -0.047357 	 0.012837 	 -0.520000 	 300.000000 	 7.110860 	 0.000000 	 0.000000 	 1.000000 	 0.603466 	 1460.010000
 0.047357 	 0.012837 	 -0.520000 	 300.000000 	 7.110860 	 0.000000 	 0.000000 	 1.000000 	 0.603466 	 1460.010000
 -0.048416 	 0.013067 	 -0.520000 	 300.000000 	 6.525560 	 0.000000 	 0.000000 	 1.000000 	 0.598751 	 2326.950000
 0.048416 	 0.013067 	 -0.520000 	 300.000000 	 6.525560 	 0.000000 	 0.000000 	 1.000000 	 0.598751 	 2326.950000
 -0.049370 	 0.013273 	 -0.520000 	 300.000000 	 5.543600 	 0.000000 	 0.000000 	 1.000000 	 0.421718 	 4397.360000
 0.049370 	 0.013273 	 -0.520000 	 300.000000 	 5.543600 	 0.000000 	 0.000000 	 1.000000 	 0.421718 	 4397.360000
 -0.035042 	 0.013760 	 -0.520000 	 300.000000 	 9.097630 	 0.000000 	 0.000000 	 1.000000 	 0.470995 	 284.317000
 0.035042 	 0.013760 	 -0.520000 	 300.000000 	 9.097630 	 0.000000 	 0.000000 	 1.000000 	 0.470995 	 284.317000
 -0.037164 	 0.014378 	 -0.520000 	 300.000000 	 8.892420 	 0.000000 	 0.000000 	 1.000000 	 0.495871 	 338.315000
 0.037164 	 0.014378 	 -0.520000 	 300.000000 	 8.892420 	 0.000000 	 0.000000 	 1.000000 	 0.495871 	 338.315000
 -0.039074 	 0.014934 	 -0.520000 	 300.000000 	 8.670510 	 0.000000 	 0.000000 	 1.000000 	 0.519057 	 406.603000
 0.039074 	 0.014934 	 -0.520000 	 300.000000 	 8.670510 	 0.000000 	 0.000000 	 1.000000 	 0.519057 	 406.603000
 -0.040793 	 0.015435 	 -0.520000 	 300.000000 	 8.428470 	 0.000000 	 0.000000 	 1.000000 	 0.540439 	 495.555000
 0.040793 	 0.015435 	 -0.520000 	 300.000000 	 8.428470 	 0.000000 	 0.000000 	 1.000000 	 0.540439 	 495.555000
 -0.042340 	 0.015885 	 -0.520000 	 300.000000 	 8.160660 	 0.000000 	 0.000000 	 1.000000 	 0.559923 	 616.022000
 0.042340 	 0.015885 	 -0.520000 	 300.000000 	 8.160660 	 0.000000 	 0.000000 	 1.000000 	 0.559923 	 616.022000
 -0.043733 	 0.016291 	 -0.520000 	 300.000000 	 7.857820 	 0.000000 	 0.000000 	 1.000000 	 0.577334 	 787.877000
 0.043733 	 0.016291 	 -0.520000 	 300.000000 	 7.857820 	 0.000000 	 0.000000 	 1.000000 	 0.577334 	 787.877000
 -0.044986 	 0.016656 	 -0.520000 	 300.000000 	 7.503910 	 0.000000 	 0.000000 	 1.000000 	 0.592130 	 1051.270000
 0.044986 	 0.016656 	 -0.520000 	 300.000000 	 7.503910 	 0.000000 	 0.000000 	 1.000000 	 0.592130 	 1051.270000
 -0.046113 	 0.016984 	 -0.520000 	 300.000000 	 7.068370 	 0.000000 	 0.000000 	 1.000000 	 0.602180 	 1499.020000
 0.046113 	 0.016984 	 -0.520000 	 300.000000 	 7.068370 	 0.000000 	 0.000000 	 1.000000 	 0.602180 	 1499.020000
 -0.047128 	 0.017280 	 -0.520000 	 300.000000 	 6.482830 	 0.000000 	 0.000000 	 1.000000 	 0.596255 	 2390.060000
 0.047128 	 0.017280 	 -0.520000 	 300.000000 	 6.482830 	 0.000000 	 0.000000 	 1.000000 	 0.596255 	 2390.060000
 -0.048042 	 0.017546 	 -0.520000 	 300.000000 	 5.499840 	 0.000000 	 0.000000 	 1.000000 	 0.416368 	 4521.550000
 0.048042 	 0.017546 	 -0.520000 	 300.000000 	 5.499840 	 0.000000 	 0.000000 	 1.000000 	 0.416368 	 4521.550000
 -0.034231 	 0.017163 	 -0.520000 	 300.000000 	 9.033730 	 0.000000 	 0.000000 	 1.000000 	 0.478905 	 298.715000
 0.034231 	 0.017163 	 -0.520000 	 300.000000 	 9.033730 	 0.000000 	 0.000000 	 1.000000 	 0.478905 	 298.715000
 -0.036211 	 0.017902 	 -0.520000 	 300.000000 	 8.827780 	 0.000000 	 0.000000 	 1.000000 	 0.502477 	 354.924000
 0.036211 	 0.017902 	 -0.520000 	 300.000000 	 8.827780 	 0.000000 	 0.000000 	 1.000000 	 0.502477 	 354.924000
 -0.037993 	 0.018567 	 -0.520000 	 300.000000 	 8.605560 	 0.000000 	 0.000000 	 1.000000 	 0.524325 	 426.085000
 0.037993 	 0.018567 	 -0.520000 	 300.000000 	 8.605560 	 0.000000 	 0.000000 	 1.000000 	 0.524325 	 426.085000
 -0.039597 	 0.019166 	 -0.520000 	 300.000000 	 8.363510 	 0.000000 	 0.000000 	 1.000000 	 0.544380 	 518.921000
 0.039597 	 0.019166 	 -0.520000 	 300.000000 	 8.363510 	 0.000000 	 0.000000 	 1.000000 	 0.544380 	 518.921000
 -0.041041 	 0.019704 	 -0.520000 	 300.000000 	 8.095870 	 0.000000 	 0.000000 	 1.000000 	 0.562578 	 644.874000
 0.041041 	 0.019704 	 -0.520000 	 300.000000 	 8.095870 	 0.000000 	 0.000000 	 1.000000 	 0.562578 	 644.874000
 -0.042340 	 0.020189 	 -0.520000 	 300.000000 	 7.793250 	 0.000000 	 0.000000 	 1.000000 	 0.578757 	 824.893000
 0.042340 	 0.020189 	 -0.520000 	 300.000000 	 7.793250 	 0.000000 	 0.000000 	 1.000000 	 0.578757 	 824.893000
 -0.043509 	 0.020626 	 -0.520000 	 300.000000 	 7.439400 	 0.000000 	 0.000000 	 1.000000 	 0.592351 	 1101.300000
 0.043509 	 0.020626 	 -0.520000 	 300.000000 	 7.439400 	 0.000000 	 0.000000 	 1.000000 	 0.592351 	 1101.300000
 -0.044561 	 0.021018 	 -0.520000 	 300.000000 	 7.003500 	 0.000000 	 0.000000 	 1.000000 	 0.601135 	 1571.990000
 0.044561 	 0.021018 	 -0.520000 	 300.000000 	 7.003500 	 0.000000 	 0.000000 	 1.000000 	 0.601135 	 1571.990000
 -0.045509 	 0.021372 	 -0.520000 	 300.000000 	 6.416570 	 0.000000 	 0.000000 	 1.000000 	 0.593567 	 2510.210000
 0.045509 	 0.021372 	 -0.520000 	 300.000000 	 6.416570 	 0.000000 	 0.000000 	 1.000000 	 0.593567 	 2510.210000
 -0.046361 	 0.021690 	 -0.520000 	 300.000000 	 5.428320 	 0.000000 	 0.000000 	 1.000000 	 0.407720 	 4757.250000
 0.046361 	 0.021690 	 -0.520000 	 300.000000 	 5.428320 	 0.000000 	 0.000000 	 1.000000 	 0.407720 	 4757.250000
 -0.033367 	 0.020542 	 -0.520000 	 300.000000 	 8.944770 	 0.000000 	 0.000000 	 1.000000 	 0.489195 	 320.283000
 0.033367 	 0.020542 	 -0.520000 	 300.000000 	 8.944770 	 0.000000 	 0.000000 	 1.000000 	 0.489195 	 320.283000
 -0.035158 	 0.021380 	 -0.520000 	 300.000000 	 8.738130 	 0.000000 	 0.000000 	 1.000000 	 0.511082 	 380.020000
 0.035158 	 0.021380 	 -0.520000 	 300.000000 	 8.738130 	 0.000000 	 0.000000 	 1.000000 	 0.511082 	 380.020000
 -0.036770 	 0.022134 	 -0.520000 	 300.000000 	 8.515670 	 0.000000 	 0.000000 	 1.000000 	 0.531259 	 455.814000
 0.036770 	 0.022134 	 -0.520000 	 300.000000 	 8.515670 	 0.000000 	 0.000000 	 1.000000 	 0.531259 	 455.814000
 -0.038221 	 0.022813 	 -0.520000 	 300.000000 	 8.273650 	 0.000000 	 0.000000 	 1.000000 	 0.549695 	 554.942000
 0.038221 	 0.022813 	 -0.520000 	 300.000000 	 8.273650 	 0.000000 	 0.000000 	 1.000000 	 0.549695 	 554.942000
 -0.039527 	 0.023424 	 -0.520000 	 300.000000 	 8.006140 	 0.000000 	 0.000000 	 1.000000 	 0.566340 	 689.779000
 0.039527 	 0.023424 	 -0.520000 	 300.000000 	 8.006140 	 0.000000 	 0.000000 	 1.000000 	 0.566340 	 689.779000
 -0.040702 	 0.023973 	 -0.520000 	 300.000000 	 7.703560 	 0.000000 	 0.000000 	 1.000000 	 0.581024 	 882.991000
 0.040702 	 0.023973 	 -0.520000 	 300.000000 	 7.703560 	 0.000000 	 0.000000 	 1.000000 	 0.581024 	 882.991000
 -0.041760 	 0.024468 	 -0.520000 	 300.000000 	 7.349370 	 0.000000 	 0.000000 	 1.000000 	 0.593138 	 1180.430000
 0.041760 	 0.024468 	 -0.520000 	 300.000000 	 7.349370 	 0.000000 	 0.000000 	 1.000000 	 0.593138 	 1180.430000
 -0.042712 	 0.024914 	 -0.520000 	 300.000000 	 6.912300 	 0.000000 	 0.000000 	 1.000000 	 0.600337 	 1688.360000
 0.042712 	 0.024914 	 -0.520000 	 300.000000 	 6.912300 	 0.000000 	 0.000000 	 1.000000 	 0.600337 	 1688.360000
 -0.043568 	 0.025315 	 -0.520000 	 300.000000 	 6.322320 	 0.000000 	 0.000000 	 1.000000 	 0.590698 	 2704.100000
 0.043568 	 0.025315 	 -0.520000 	 300.000000 	 6.322320 	 0.000000 	 0.000000 	 1.000000 	 0.590698 	 2704.100000
 -0.044339 	 0.025675 	 -0.520000 	 300.000000 	 5.322540 	 0.000000 	 0.000000 	 1.000000 	 0.394839 	 5137.110000
 0.044339 	 0.025675 	 -0.520000 	 300.000000 	 5.322540 	 0.000000 	 0.000000 	 1.000000 	 0.394839 	 5137.110000
 -0.032453 	 0.023891 	 -0.520000 	 300.000000 	 8.826840 	 0.000000 	 0.000000 	 1.000000 	 0.501749 	 351.464000
 0.032453 	 0.023891 	 -0.520000 	 300.000000 	 8.826840 	 0.000000 	 0.000000 	 1.000000 	 0.501749 	 351.464000
 -0.034011 	 0.024803 	 -0.520000 	 300.000000 	 8.619450 	 0.000000 	 0.000000 	 1.000000 	 0.521596 	 416.567000
 0.034011 	 0.024803 	 -0.520000 	 300.000000 	 8.619450 	 0.000000 	 0.000000 	 1.000000 	 0.521596 	 416.567000
 -0.035412 	 0.025622 	 -0.520000 	 300.000000 	 8.396640 	 0.000000 	 0.000000 	 1.000000 	 0.539816 	 499.436000
 0.035412 	 0.025622 	 -0.520000 	 300.000000 	 8.396640 	 0.000000 	 0.000000 	 1.000000 	 0.539816 	 499.436000
 -0.036673 	 0.026361 	 -0.520000 	 300.000000 	 8.154480 	 0.000000 	 0.000000 	 1.000000 	 0.556384 	 608.175000
 0.036673 	 0.026361 	 -0.520000 	 300.000000 	 8.154480 	 0.000000 	 0.000000 	 1.000000 	 0.556384 	 608.175000
 -0.037809 	 0.027025 	 -0.520000 	 300.000000 	 7.886840 	 0.000000 	 0.000000 	 1.000000 	 0.571237 	 756.573000
 0.037809 	 0.027025 	 -0.520000 	 300.000000 	 7.886840 	 0.000000 	 0.000000 	 1.000000 	 0.571237 	 756.573000
 -0.038830 	 0.027623 	 -0.520000 	 300.000000 	 7.583850 	 0.000000 	 0.000000 	 1.000000 	 0.584171 	 969.932000
 0.038830 	 0.027623 	 -0.520000 	 300.000000 	 7.583850 	 0.000000 	 0.000000 	 1.000000 	 0.584171 	 969.932000
 -0.039750 	 0.028161 	 -0.520000 	 300.000000 	 7.228580 	 0.000000 	 0.000000 	 1.000000 	 0.594518 	 1299.590000
 0.039750 	 0.028161 	 -0.520000 	 300.000000 	 7.228580 	 0.000000 	 0.000000 	 1.000000 	 0.594518 	 1299.590000
 -0.040578 	 0.028645 	 -0.520000 	 300.000000 	 6.789030 	 0.000000 	 0.000000 	 1.000000 	 0.599801 	 1865.030000
 0.040578 	 0.028645 	 -0.520000 	 300.000000 	 6.789030 	 0.000000 	 0.000000 	 1.000000 	 0.599801 	 1865.030000
 -0.041322 	 0.029081 	 -0.520000 	 300.000000 	 6.193500 	 0.000000 	 0.000000 	 1.000000 	 0.587661 	 3002.390000
 0.041322 	 0.029081 	 -0.520000 	 300.000000 	 6.193500 	 0.000000 	 0.000000 	 1.000000 	 0.587661 	 3002.390000
 -0.041993 	 0.029473 	 -0.520000 	 300.000000 	 5.172950 	 0.000000 	 0.000000 	 1.000000 	 0.376362 	 5722.980000
 0.041993 	 0.029473 	 -0.520000 	 300.000000 	 5.172950 	 0.000000 	 0.000000 	 1.000000 	 0.376362 	 5722.980000
 -0.031492 	 0.027208 	 -0.520000 	 300.000000 	 8.673510 	 0.000000 	 0.000000 	 1.000000 	 0.516091 	 396.480000
 0.031492 	 0.027208 	 -0.520000 	 300.000000 	 8.673510 	 0.000000 	 0.000000 	 1.000000 	 0.516091 	 396.480000
 -0.032773 	 0.028162 	 -0.520000 	 300.000000 	 8.465280 	 0.000000 	 0.000000 	 1.000000 	 0.533526 	 469.580000
 0.032773 	 0.028162 	 -0.520000 	 300.000000 	 8.465280 	 0.000000 	 0.000000 	 1.000000 	 0.533526 	 469.580000
 -0.033926 	 0.029021 	 -0.520000 	 300.000000 	 8.241900 	 0.000000 	 0.000000 	 1.000000 	 0.549589 	 563.092000
 0.033926 	 0.029021 	 -0.520000 	 300.000000 	 8.241900 	 0.000000 	 0.000000 	 1.000000 	 0.549589 	 563.092000
 -0.034963 	 0.029795 	 -0.520000 	 300.000000 	 7.999240 	 0.000000 	 0.000000 	 1.000000 	 0.564171 	 686.335000
 0.034963 	 0.029795 	 -0.520000 	 300.000000 	 7.999240 	 0.000000 	 0.000000 	 1.000000 	 0.564171 	 686.335000
 -0.035897 	 0.030491 	 -0.520000 	 300.000000 	 7.730920 	 0.000000 	 0.000000 	 1.000000 	 0.577126 	 855.239000
 0.035897 	 0.030491 	 -0.520000 	 300.000000 	 7.730920 	 0.000000 	 0.000000 	 1.000000 	 0.577126 	 855.239000
 -0.036737 	 0.031117 	 -0.520000 	 300.000000 	 7.426750 	 0.000000 	 0.000000 	 1.000000 	 0.588166 	 1099.170000
 0.036737 	 0.031117 	 -0.520000 	 300.000000 	 7.426750 	 0.000000 	 0.000000 	 1.000000 	 0.588166 	 1099.170000
 -0.037494 	 0.031681 	 -0.520000 	 300.000000 	 7.069240 	 0.000000 	 0.000000 	 1.000000 	 0.596518 	 1478.020000
 0.037494 	 0.031681 	 -0.520000 	 300.000000 	 7.069240 	 0.000000 	 0.000000 	 1.000000 	 0.596518 	 1478.020000
 -0.038174 	 0.032188 	 -0.520000 	 300.000000 	 6.625260 	 0.000000 	 0.000000 	 1.000000 	 0.599531 	 2132.190000
 0.038174 	 0.032188 	 -0.520000 	 300.000000 	 6.625260 	 0.000000 	 0.000000 	 1.000000 	 0.599531 	 2132.190000
 -0.038787 	 0.032644 	 -0.520000 	 300.000000 	 6.020450 	 0.000000 	 0.000000 	 1.000000 	 0.584322 	 3460.470000
 0.038787 	 0.032644 	 -0.520000 	 300.000000 	 6.020450 	 0.000000 	 0.000000 	 1.000000 	 0.584322 	 3460.470000
 -0.039338 	 0.033055 	 -0.520000 	 300.000000 	 4.966420 	 0.000000 	 0.000000 	 1.000000 	 0.350487 	 6632.830000
 0.039338 	 0.033055 	 -0.520000 	 300.000000 	 4.966420 	 0.000000 	 0.000000 	 1.000000 	 0.350487 	 6632.830000
 